ID	Block	Trial	CSI	Practice	Switch	Targetpos	Distpos	RT	Error	LagError	GoodTrial
2011	1	1	2	1	0	5	9	1300.36	1	NaN	0
2011	1	2	1	1	0	11	3	20493	0	1	0
2011	1	3	2	1	0	10	2	623.82	0	0	0
2011	1	4	2	1	0	12	8	551.504	0	0	0
2011	1	5	2	1	0	10	2	1234.67	1	0	0
2011	1	6	2	1	0	7	11	1121.21	0	1	0
2011	1	7	1	1	0	8	12	1271.08	1	0	0
2011	1	8	1	1	0	6	10	2089.86	0	1	0
2011	1	9	1	1	0	9	1	1115.55	1	0	0
2011	1	10	2	1	0	6	10	671.815	0	1	0
2011	1	11	2	1	0	9	1	952.654	0	0	0
2011	1	12	1	1	0	8	12	1039.41	0	0	0
2011	1	13	1	1	0	5	1	1259.84	1	0	0
2011	1	14	1	1	0	2	6	1383.05	0	1	0
2011	1	15	1	1	0	1	5	1454.3	1	0	0
2011	1	16	2	1	0	10	6	1081.3	0	1	0
2011	1	17	1	1	0	4	8	1458.34	1	0	0
2011	1	18	1	1	0	6	2	1521.52	1	1	0
2011	1	19	1	1	0	11	7	2050.04	0	1	0
2011	1	20	2	1	0	2	6	1093.92	0	0	0
2011	2	1	1	1	0	2	10	1227.52	1	NaN	0
2011	2	2	2	1	0	3	7	2270.75	0	1	0
2011	2	3	1	1	0	5	1	1951.03	0	0	0
2011	2	4	2	1	0	7	11	1010.98	0	0	0
2011	2	5	2	1	0	9	1	882.758	0	0	0
2011	2	6	1	1	0	6	10	747.831	0	0	0
2011	2	7	1	1	0	5	9	1366.53	0	0	0
2011	2	8	1	1	0	11	7	1069.08	0	0	0
2011	2	9	2	1	0	1	9	1122.08	0	0	0
2011	2	10	2	1	0	4	12	1028.05	0	0	0
2011	2	11	2	1	0	3	11	799.293	1	0	0
2011	2	12	2	1	0	5	1	821.788	0	1	0
2011	2	13	2	1	0	3	11	857.61	0	0	0
2011	2	14	1	1	0	1	9	834.844	0	0	0
2011	2	15	2	1	0	4	8	678.09	0	0	0
2011	2	16	2	1	0	6	2	675.788	0	0	0
2011	2	17	1	1	0	11	3	1216.52	0	0	0
2011	2	18	1	1	0	2	10	700.684	0	0	0
2011	2	19	2	1	0	3	7	945.321	0	0	0
2011	2	20	2	1	0	1	5	860.493	0	0	0
2011	3	1	2	1	0	8	12	1257.33	0	NaN	0
2011	3	2	1	1	0	3	11	1348.15	1	0	0
2011	3	3	1	1	1	8	12	1353.36	0	1	0
2011	3	4	1	1	0	11	7	804.146	0	0	0
2011	3	5	1	1	0	4	12	1095.46	0	0	0
2011	3	6	2	1	0	9	5	879.812	0	0	0
2011	3	7	2	1	1	10	6	1509.65	0	0	0
2011	3	8	2	1	0	12	4	2163.29	0	0	0
2011	3	9	2	1	0	9	1	1785.87	0	0	0
2011	3	10	2	1	1	6	10	1128.89	0	0	0
2011	3	11	1	1	0	11	3	979.047	0	0	0
2011	3	12	2	1	1	9	1	1218.18	0	0	0
2011	3	13	1	1	1	6	2	1006.16	0	0	0
2011	3	14	2	1	0	3	11	721.682	0	0	0
2011	3	15	2	1	0	12	4	955.644	0	0	0
2011	3	16	2	1	0	11	3	738.533	0	0	0
2011	3	17	2	1	0	4	12	872.815	0	0	0
2011	3	18	2	1	0	3	11	985.706	0	0	0
2011	3	19	2	1	0	1	9	1001	0	0	0
2011	3	20	2	1	0	2	10	728.133	0	0	0
2011	4	1	2	0	0	5	1	784.12	0	NaN	0
2011	4	2	2	0	1	12	8	863.982	0	0	1
2011	4	3	2	0	0	6	2	1140.9	0	0	1
2011	4	4	1	0	1	9	1	923.069	0	0	1
2011	4	5	1	0	1	6	10	1277.23	0	0	1
2011	4	6	2	0	0	7	3	1646.33	0	0	1
2011	4	7	1	0	0	12	8	938.61	0	0	1
2011	4	8	2	0	1	1	5	872.952	0	0	1
2011	4	9	1	0	1	2	10	2193.58	0	0	1
2011	4	10	1	0	1	7	11	901.032	0	0	1
2011	4	11	2	0	0	9	1	641.646	0	0	1
2011	4	12	1	0	1	10	6	1774.77	0	0	1
2011	4	13	2	0	1	8	4	1593.53	0	0	1
2011	4	14	2	0	1	7	3	973.052	0	0	1
2011	4	15	2	0	1	12	8	1208.15	0	0	1
2011	4	16	2	0	1	6	10	1619.46	0	0	1
2011	4	17	2	0	1	8	4	779.133	0	0	1
2011	4	18	1	0	0	10	6	1450.34	0	0	1
2011	4	19	2	0	1	4	8	2938.92	0	0	1
2011	4	20	1	0	1	9	5	969.086	0	0	1
2011	4	21	2	0	1	8	12	1235.87	0	0	1
2011	4	22	2	0	0	10	6	1164.02	0	0	1
2011	4	23	1	0	1	8	4	754.845	0	0	1
2011	4	24	1	0	0	11	3	1025.21	0	0	1
2011	4	25	1	0	1	4	8	1536.88	0	0	1
2011	4	26	1	0	1	11	7	1170.79	0	0	1
2011	4	27	1	0	1	5	9	2641.52	0	0	1
2011	4	28	2	0	1	4	8	1112.95	0	0	1
2011	4	29	1	0	1	5	9	1219.23	0	0	1
2011	4	30	1	0	1	11	7	938.76	0	0	1
2011	4	31	1	0	1	10	6	1409.18	0	0	1
2011	4	32	1	0	1	12	4	864.772	0	0	1
2011	4	33	1	0	1	3	11	1573.7	0	0	1
2011	4	34	2	0	1	9	1	931.75	0	0	1
2011	4	35	2	0	1	10	6	982.399	0	0	1
2011	4	36	1	0	0	8	4	2213.59	0	0	1
2011	4	37	1	0	1	10	2	786.388	0	0	1
2011	4	38	1	0	1	7	3	1413.36	0	0	1
2011	4	39	2	0	0	2	10	797.558	0	0	1
2011	4	40	1	0	1	12	4	976.998	0	0	1
2011	5	1	2	0	0	11	3	3168.38	1	NaN	0
2011	5	2	1	0	0	8	12	3285.4	0	1	0
2011	5	3	2	0	1	6	2	1579.41	0	0	1
2011	5	4	1	0	1	11	7	1290.06	1	0	0
2011	5	5	2	0	1	5	1	1489.85	0	1	0
2011	5	6	1	0	1	10	2	1707.24	1	0	0
2011	5	7	2	0	1	5	9	1371.52	0	1	0
2011	5	8	2	0	1	4	12	1650.14	0	0	1
2011	5	9	1	0	1	10	6	1018.2	0	0	1
2011	5	10	2	0	0	8	4	794.286	0	0	1
2011	5	11	2	0	0	10	6	1033.57	0	0	1
2011	5	12	1	0	1	9	1	1269.31	0	0	1
2011	5	13	1	0	0	12	4	983.098	0	0	1
2011	5	14	1	0	1	3	11	1086.45	0	0	1
2011	5	15	1	0	1	6	2	1655.38	0	0	1
2011	5	16	2	0	1	4	12	884.2	0	0	1
2011	5	17	1	0	1	10	6	1193.67	0	0	1
2011	5	18	2	0	1	11	7	828.368	0	0	1
2011	5	19	2	0	1	2	6	788.526	0	0	1
2011	5	20	1	0	1	1	9	784.127	0	0	1
2011	5	21	2	0	1	6	10	1402.98	0	0	1
2011	5	22	1	0	1	5	9	643.412	0	0	1
2011	5	23	1	0	1	12	8	1215.91	0	0	1
2011	5	24	2	0	1	9	1	911.39	0	0	1
2011	5	25	2	0	0	12	8	1073.05	0	0	1
2011	5	26	1	0	1	11	7	2077.89	0	0	1
2011	5	27	2	0	1	4	8	2438.29	0	0	1
2011	5	28	1	0	1	1	9	2335.04	0	0	1
2011	5	29	1	0	1	6	10	941.117	0	0	1
2011	5	30	2	0	1	5	1	1127.47	0	0	1
2011	5	31	2	0	1	2	10	1193.54	0	0	1
2011	5	32	2	0	0	1	9	1200.94	0	0	1
2011	5	33	1	0	1	7	11	2924.22	1	0	0
2011	5	34	2	0	1	2	6	3647.65	0	1	0
2011	5	35	1	0	1	1	5	2284.59	0	0	1
2011	5	36	1	0	1	8	4	845.627	0	0	1
2011	5	37	1	0	1	1	5	5961.93	0	0	0
2011	5	38	2	0	1	7	3	1091.8	0	0	1
2011	5	39	2	0	1	4	12	1418.25	0	0	1
2011	5	40	1	0	1	6	2	926.175	0	0	1
2011	6	1	1	0	0	12	4	3794.12	0	NaN	0
2011	6	2	2	0	1	5	1	961.377	0	0	1
2011	6	3	1	0	1	3	7	1528.33	0	0	1
2011	6	4	1	0	1	9	5	1010.38	0	0	1
2011	6	5	2	0	1	4	8	2502.19	1	0	0
2011	6	6	2	0	1	5	1	1586.1	0	1	0
2011	6	7	1	0	1	12	4	825.193	0	0	1
2011	6	8	1	0	1	5	9	1273.41	0	0	1
2011	6	9	2	0	1	10	6	713.931	0	0	1
2011	6	10	2	0	0	12	8	796.085	0	0	1
2011	6	11	2	0	1	2	10	1367.54	0	0	1
2011	6	12	2	0	1	11	3	650.374	0	0	1
2011	6	13	1	0	1	9	5	1110.28	0	0	1
2011	6	14	1	0	0	12	4	1260.82	0	0	1
2011	6	15	2	0	1	11	7	853.202	0	0	1
2011	6	16	2	0	1	6	2	982.025	0	0	1
2011	6	17	2	0	1	12	8	1345.12	0	0	1
2011	6	18	1	0	1	3	11	631.331	0	0	1
2011	6	19	2	0	1	1	5	3223.36	0	0	1
2011	6	20	1	0	1	12	8	1931.06	0	0	1
2011	6	21	2	0	1	3	11	617.286	0	0	1
2011	6	22	1	0	1	1	9	801.024	0	0	1
2011	6	23	1	0	1	7	3	1536.82	0	0	1
2011	6	24	1	0	1	5	9	742.951	0	0	1
2011	6	25	1	0	1	10	2	1053.38	0	0	1
2011	6	26	1	0	0	5	9	1837.92	0	0	1
2011	6	27	1	0	1	10	6	726.05	0	0	1
2011	6	28	1	0	0	4	8	1368.1	0	0	1
2011	6	29	2	0	1	10	2	1230.79	0	0	1
2011	6	30	1	0	1	1	5	990.369	0	0	1
2011	6	31	1	0	1	4	8	1873.46	0	0	1
2011	6	32	1	0	1	9	1	746.517	0	0	1
2011	6	33	2	0	1	7	11	1388.99	0	0	1
2011	6	34	1	0	1	5	9	596.117	0	0	1
2011	6	35	2	0	1	11	7	1215.57	0	0	1
2011	6	36	2	0	0	5	1	759.341	0	0	1
2011	6	37	1	0	1	10	6	1970.51	0	0	1
2011	6	38	2	0	1	3	7	1909.37	0	0	1
2011	6	39	1	0	0	10	2	1202.97	0	0	1
2011	6	40	1	0	1	1	5	882.625	0	0	1
2011	7	1	1	0	0	3	11	2092.53	0	NaN	0
2011	7	2	2	0	1	4	8	1297.76	0	0	1
2011	7	3	2	0	1	5	9	1895.29	0	0	1
2011	7	4	2	0	1	4	8	872.583	0	0	1
2011	7	5	2	0	0	5	9	609.782	0	0	1
2011	7	6	2	0	1	11	3	913.418	0	0	1
2011	7	7	1	0	1	12	8	1067.08	0	0	1
2011	7	8	1	0	1	1	9	3067.68	0	0	1
2011	7	9	1	0	1	12	4	864.435	0	0	1
2011	7	10	2	0	0	11	7	613.207	0	0	1
2011	7	11	2	0	1	10	2	1537.1	0	0	1
2011	7	12	1	0	1	4	8	747.11	0	0	1
2011	7	13	2	0	0	6	2	853.626	0	0	1
2011	7	14	2	0	0	3	11	821.633	0	0	1
2011	7	15	1	0	1	10	6	1293.96	0	0	1
2011	7	16	1	0	1	3	11	1219.96	0	0	1
2011	7	17	1	0	1	5	9	959.827	0	0	1
2011	7	18	1	0	0	4	12	1638.71	0	0	1
2011	7	19	1	0	1	7	3	1491	0	0	1
2011	7	20	1	0	1	4	8	996.568	0	0	1
2011	7	21	2	0	1	7	11	815.843	0	0	1
2011	7	22	1	0	1	1	9	1483.78	0	0	1
2011	7	23	1	0	1	10	6	701.007	0	0	1
2011	7	24	2	0	1	11	3	1223.39	0	0	1
2011	7	25	1	0	0	6	2	1763.42	0	0	1
2011	7	26	1	0	1	1	9	893.84	0	0	1
2011	7	27	1	0	1	10	2	1334.72	0	0	1
2011	7	28	1	0	1	8	4	1065.03	0	0	1
2011	7	29	1	0	1	6	10	1245.75	0	0	1
2011	7	30	2	0	0	5	1	1011.09	0	0	1
2011	7	31	2	0	1	6	10	674.77	0	0	1
2011	7	32	1	0	1	8	12	1399.78	0	0	1
2011	7	33	2	0	1	5	9	879.338	0	0	1
2011	7	34	2	0	1	11	7	944.497	0	0	1
2011	7	35	2	0	1	6	10	1570.93	0	0	1
2011	7	36	2	0	0	5	1	790.026	0	0	1
2011	7	37	2	0	1	12	4	605.309	0	0	1
2011	7	38	2	0	0	9	1	768.65	0	0	1
2011	7	39	1	0	1	12	4	811.697	0	0	1
2011	7	40	1	0	1	3	11	2631.11	0	0	1
2011	8	1	2	0	0	8	4	1696.9	1	NaN	0
2011	8	2	1	0	1	11	3	1748.71	0	1	0
2011	8	3	1	0	1	4	8	3312.12	0	0	1
2011	8	4	2	0	1	6	2	2153.48	0	0	1
2011	8	5	2	0	1	8	12	1201.02	0	0	1
2011	8	6	2	0	1	9	1	1012.42	0	0	1
2011	8	7	1	0	1	7	11	1668.16	0	0	1
2011	8	8	1	0	1	2	10	833.016	0	0	1
2011	8	9	2	0	1	5	9	517.309	0	0	1
2011	8	10	1	0	1	12	4	643.213	0	0	1
2011	8	11	1	0	1	9	5	1103.68	0	0	1
2011	8	12	1	0	1	11	7	885.589	0	0	1
2011	8	13	1	0	0	6	10	918.484	0	0	1
2011	8	14	2	0	1	3	7	1016.62	0	0	1
2011	8	15	2	0	1	6	10	484.521	0	0	1
2011	8	16	1	0	0	1	9	2321.3	0	0	1
2011	8	17	2	0	0	12	8	895.733	0	0	1
2011	8	18	1	0	1	11	3	1068.51	0	0	1
2011	8	19	1	0	1	9	1	782.286	0	0	1
2011	8	20	1	0	0	4	8	769.106	0	0	1
2011	8	21	1	0	0	11	7	711.343	0	0	1
2011	8	22	2	0	1	2	6	1189.86	0	0	1
2011	8	23	2	0	1	5	1	689.211	0	0	1
2011	8	24	1	0	1	3	11	774.535	0	0	1
2011	8	25	1	0	0	5	1	1453.41	0	0	1
2011	8	26	2	0	1	10	2	913.669	0	0	1
2011	8	27	2	0	1	7	3	1471.63	0	0	1
2011	8	28	2	0	1	6	10	1188.52	0	0	1
2011	8	29	2	0	1	11	3	2095.94	0	0	1
2011	8	30	2	0	1	4	8	892.456	0	0	1
2011	8	31	2	0	1	9	5	1682.31	0	0	1
2011	8	32	1	0	0	3	11	1307.56	0	0	1
2011	8	33	2	0	0	8	4	1764.8	0	0	1
2011	8	34	1	0	0	6	10	1243.43	0	0	1
2011	8	35	2	0	1	7	3	667.748	0	0	1
2011	8	36	2	0	0	1	5	792.182	0	0	1
2011	8	37	2	0	1	11	3	1068.13	0	0	1
2011	8	38	2	0	0	9	1	1677.1	0	0	1
2011	8	39	2	0	1	4	12	630.207	0	0	1
2011	8	40	2	0	1	1	5	1618.35	0	0	1
2011	9	1	1	0	0	6	2	1932.88	0	NaN	0
2011	9	2	2	0	1	11	3	859.998	0	0	1
2011	9	3	1	0	1	1	9	1336.27	0	0	1
2011	9	4	1	0	1	11	3	842.396	0	0	1
2011	9	5	1	0	0	2	6	1335.91	0	0	1
2011	9	6	1	0	1	3	11	1045.93	0	0	1
2011	9	7	2	0	1	4	12	750.702	0	0	1
2011	9	8	1	0	1	10	6	904.484	0	0	1
2011	9	9	1	0	1	12	8	1434.72	0	0	1
2011	9	10	1	0	1	7	11	1034.95	0	0	1
2011	9	11	2	0	1	1	9	658.478	0	0	1
2011	9	12	1	0	1	7	11	1619.82	0	0	1
2011	9	13	1	0	1	6	10	795.436	0	0	1
2011	9	14	1	0	1	7	11	1182.83	0	0	1
2011	9	15	2	0	1	6	10	825.845	0	0	1
2011	9	16	2	0	1	11	7	1305.98	0	0	1
2011	9	17	1	0	0	2	10	1775.84	0	0	1
2011	9	18	1	0	0	1	5	1697.96	0	0	1
2011	9	19	1	0	1	2	6	860.126	0	0	1
2011	9	20	1	0	1	8	4	2132.86	0	0	1
2011	9	21	2	0	1	10	6	706.987	0	0	1
2011	9	22	1	0	1	9	5	848.69	0	0	1
2011	9	23	1	0	1	8	12	1480.47	0	0	1
2011	9	24	1	0	1	9	5	1106.03	0	0	1
2011	9	25	2	0	1	7	3	639.81	0	0	1
2011	9	26	2	0	1	10	2	737.003	0	0	1
2011	9	27	2	0	1	4	8	974.787	0	0	1
2011	9	28	1	0	1	7	11	1478.49	0	0	1
2011	9	29	1	0	1	12	4	1115.79	0	0	1
2011	9	30	1	0	1	7	3	1353.22	0	0	1
2011	9	31	2	0	0	2	6	1552.56	0	0	1
2011	9	32	1	0	1	4	8	1338.99	0	0	1
2011	9	33	1	0	1	1	9	1557.26	0	0	1
2011	9	34	2	0	0	4	8	1415.98	0	0	1
2011	9	35	1	0	0	2	6	1047.44	0	0	1
2011	9	36	2	0	1	4	12	1155.71	0	0	1
2011	9	37	1	0	1	3	11	1890.7	0	0	1
2011	9	38	1	0	0	4	8	1543.88	0	0	1
2011	9	39	1	0	1	3	7	1118.15	0	0	1
2011	9	40	1	0	1	12	8	1279.7	0	0	1
2011	10	1	2	0	0	9	5	819.85	0	NaN	0
2011	10	2	1	0	1	12	4	1127.87	0	0	1
2011	10	3	1	0	1	9	1	702.675	0	0	1
2011	10	4	1	0	1	12	8	1076.05	0	0	1
2011	10	5	1	0	0	11	3	1421.23	0	0	1
2011	10	6	2	0	1	1	5	596.76	0	0	1
2011	10	7	1	0	1	7	3	3132.96	0	0	1
2011	10	8	1	0	0	10	2	966.718	0	0	1
2011	10	9	1	0	1	11	3	809.848	0	0	1
2011	10	10	1	0	0	6	2	661.225	0	0	1
2011	10	11	1	0	1	9	5	930.273	0	0	1
2011	10	12	1	0	1	12	8	800.534	0	0	1
2011	10	13	2	0	1	7	3	1152.16	0	0	1
2011	10	14	2	0	1	9	5	1175.33	0	0	1
2011	10	15	1	0	0	8	4	822.69	0	0	1
2011	10	16	2	0	1	1	9	826.634	0	0	1
2011	10	17	1	0	1	8	12	930.943	0	0	1
2011	10	18	2	0	1	1	5	1052.89	0	0	1
2011	10	19	1	0	1	10	6	676.948	0	0	1
2011	10	20	2	0	1	8	4	1046.55	0	0	1
2011	10	21	1	0	1	6	10	975.256	0	0	1
2011	10	22	1	0	1	12	4	966.45	0	0	1
2011	10	23	1	0	1	6	2	709.07	0	0	1
2011	10	24	2	0	1	1	9	1774.94	0	0	1
2011	10	25	1	0	1	12	4	902.109	0	0	1
2011	10	26	2	0	1	11	7	1571.8	0	0	1
2011	10	27	2	0	1	10	6	706.47	0	0	1
2011	10	28	2	0	1	8	12	1327.88	0	0	1
2011	10	29	2	0	1	7	3	697.897	0	0	1
2011	10	30	1	0	1	9	1	2159.3	0	0	1
2011	10	31	2	0	1	8	12	777.167	0	0	1
2011	10	32	2	0	1	2	10	1388.72	0	0	1
2011	10	33	2	0	0	12	4	1067.84	0	0	1
2011	10	34	1	0	0	7	11	1052	0	0	1
2011	10	35	2	0	1	2	10	693.235	0	0	1
2011	10	36	2	0	1	9	5	854.691	0	0	1
2011	10	37	1	0	1	4	8	1211.51	0	0	1
2011	10	38	1	0	0	1	5	919.059	0	0	1
2011	10	39	1	0	1	11	3	1612.83	0	0	1
2011	10	40	2	0	1	10	2	692.619	0	0	1
2011	11	1	2	0	0	1	9	1283.53	0	NaN	0
2011	11	2	2	0	0	4	8	1204.92	0	0	1
2011	11	3	1	0	1	3	7	904.402	0	0	1
2011	11	4	1	0	1	2	10	1750.33	0	0	1
2011	11	5	2	0	0	11	7	1060.56	0	0	1
2011	11	6	1	0	1	6	2	1005.15	0	0	1
2011	11	7	2	0	0	12	4	848.676	0	0	1
2011	11	8	1	0	1	3	7	1088.74	0	0	1
2011	11	9	1	0	1	5	9	902.536	0	0	1
2011	11	10	1	0	1	6	2	2108.42	0	0	1
2011	11	11	1	0	1	9	1	922.334	0	0	1
2011	11	12	1	0	0	12	4	876.196	0	0	1
2011	11	13	1	0	1	1	9	1484.69	0	0	1
2011	11	14	1	0	1	4	8	1254.54	0	0	1
2011	11	15	1	0	1	3	11	1367.07	0	0	1
2011	11	16	2	0	0	6	2	881.589	0	0	1
2011	11	17	2	0	1	7	3	1014.44	0	0	1
2011	11	18	2	0	1	1	5	1106.41	0	0	1
2011	11	19	1	0	1	12	8	835.941	0	0	1
2011	11	20	2	0	1	2	6	1047.75	0	0	1
2011	11	21	2	0	1	12	8	700.325	0	0	1
2011	11	22	2	0	1	5	9	921.423	0	0	1
2011	11	23	1	0	1	12	8	2822.77	0	0	1
2011	11	24	2	0	1	11	7	1015.12	0	0	1
2011	11	25	1	0	1	5	9	1854.63	0	0	1
2011	11	26	1	0	1	10	2	1314.95	0	0	1
2011	11	27	2	0	1	4	12	1012.94	0	0	1
2011	11	28	1	0	1	5	1	928.192	0	0	1
2011	11	29	2	0	1	4	8	774.837	0	0	1
2011	11	30	1	0	1	1	9	829.962	0	0	1
2011	11	31	1	0	1	4	8	601.286	0	0	1
2011	11	32	1	0	0	1	5	825.743	0	0	1
2011	11	33	1	0	1	6	2	1065.4	0	0	1
2011	11	34	1	0	1	9	5	1322.61	0	0	1
2011	11	35	1	0	1	6	2	1364.5	0	0	1
2011	11	36	1	0	1	12	4	719.492	0	0	1
2011	11	37	2	0	1	7	3	872.878	0	0	1
2011	11	38	2	0	1	8	4	733.801	0	0	1
2011	11	39	2	0	0	11	3	644.206	0	0	1
2011	11	40	1	0	0	1	5	887.919	0	0	1
2011	12	1	1	0	0	4	8	2112.69	0	NaN	0
2011	12	2	1	0	1	9	5	770.025	0	0	1
2011	12	3	2	0	1	7	3	1360.28	0	0	1
2011	12	4	1	0	1	6	10	623.627	0	0	1
2011	12	5	2	0	1	5	1	1268.53	0	0	1
2011	12	6	1	0	1	11	7	1005.42	0	0	1
2011	12	7	2	0	1	9	5	1396.75	0	0	1
2011	12	8	2	0	1	12	4	516.905	0	0	1
2011	12	9	1	0	0	10	2	738.73	0	0	1
2011	12	10	2	0	1	5	1	1021.37	0	0	1
2011	12	11	1	0	0	7	11	1293.34	0	0	1
2011	12	12	2	0	1	5	1	647.023	0	0	1
2011	12	13	2	0	1	7	3	783.669	0	0	1
2011	12	14	2	0	1	12	8	778.717	0	0	1
2011	12	15	1	0	1	10	6	909.805	1	0	0
2011	12	16	2	0	1	4	8	2197.94	0	1	0
2011	12	17	2	0	0	7	11	1104.68	0	0	1
2011	12	18	2	0	1	5	9	1575.1	0	0	1
2011	12	19	2	0	0	8	4	994.79	1	0	0
2011	12	20	2	0	1	1	5	2057.19	0	1	0
2011	12	21	1	0	1	3	11	909.776	0	0	1
2011	12	22	2	0	1	1	9	1315.78	0	0	1
2011	12	23	1	0	1	2	6	1073.64	0	0	1
2011	12	24	2	0	1	12	4	706.418	0	0	1
2011	12	25	2	0	1	6	2	924.191	0	0	1
2011	12	26	2	0	1	11	3	790.213	0	0	1
2011	12	27	2	0	0	5	9	1085.43	0	0	1
2011	12	28	2	0	1	11	3	1110.67	0	0	1
2011	12	29	2	0	1	1	5	715.89	0	0	1
2011	12	30	1	0	1	8	12	1246.15	0	0	1
2011	12	31	2	0	1	3	7	742.202	0	0	1
2011	12	32	1	0	0	8	12	880.686	0	0	1
2011	12	33	2	0	1	10	2	678.123	0	0	1
2011	12	34	2	0	1	8	4	1031.13	0	0	1
2011	12	35	1	0	1	7	3	1243.27	0	0	1
2011	12	36	2	0	1	6	2	1174.97	0	0	1
2011	12	37	1	0	0	12	4	1230.78	0	0	1
2011	12	38	1	0	1	10	2	1495.36	0	0	1
2011	12	39	1	0	0	5	9	1924.68	0	0	1
2011	12	40	2	0	1	7	3	1174	0	0	1
2011	13	1	2	0	0	12	4	899.395	0	NaN	0
2011	13	2	1	0	1	3	7	1093.58	0	0	1
2011	13	3	2	0	1	12	8	847.199	0	0	1
2011	13	4	2	0	1	7	11	1315.14	0	0	1
2011	13	5	2	0	0	12	4	1477.63	0	0	1
2011	13	6	2	0	0	9	5	1286.71	0	0	1
2011	13	7	2	0	0	4	12	735.699	0	0	1
2011	13	8	2	0	0	1	5	822.092	0	0	1
2011	13	9	2	0	1	11	7	885.708	0	0	1
2011	13	10	1	0	1	5	1	639.353	0	0	1
2011	13	11	2	0	1	8	12	883.998	0	0	1
2011	13	12	1	0	1	7	11	934.054	0	0	1
2011	13	13	2	0	1	10	6	632.059	0	0	1
2011	13	14	2	0	1	11	3	1993.28	0	0	1
2011	13	15	2	0	1	4	8	919.711	0	0	1
2011	13	16	1	0	1	7	3	945.876	0	0	1
2011	13	17	2	0	1	5	9	1112.07	0	0	1
2011	13	18	2	0	1	6	2	1535.25	0	0	1
2011	13	19	2	0	0	11	7	1589.47	0	0	1
2011	13	20	2	0	1	9	5	892.745	0	0	1
2011	13	21	1	0	1	2	10	670.385	0	0	1
2011	13	22	1	0	0	3	7	2883.06	0	0	1
2011	13	23	1	0	1	10	2	708.045	0	0	1
2011	13	24	2	0	0	1	9	537.425	0	0	1
2011	13	25	1	0	0	7	3	1244.16	0	0	1
2011	13	26	2	0	1	1	9	1500.31	0	0	1
2011	13	27	1	0	0	7	11	2301.88	0	0	1
2011	13	28	2	0	0	2	6	1015.07	0	0	1
2011	13	29	2	0	1	12	4	782.836	0	0	1
2011	13	30	2	0	1	9	1	1582.06	0	0	1
2011	13	31	2	0	0	3	7	1532.68	0	0	1
2011	13	32	2	0	1	2	6	658.929	0	0	1
2011	13	33	1	0	1	5	9	1515.71	0	0	1
2011	13	34	2	0	1	3	7	2493.72	0	0	1
2011	13	35	1	0	0	4	12	1882.93	0	0	1
2011	13	36	2	0	0	9	5	1024.08	0	0	1
2011	13	37	1	0	1	2	6	900.445	0	0	1
2011	13	38	1	0	1	1	9	2210.83	0	0	1
2011	13	39	2	0	1	4	12	1301.47	0	0	1
2011	13	40	1	0	1	5	1	1091.83	0	0	1
2011	14	1	1	0	0	10	2	1235.37	0	NaN	0
2011	14	2	2	0	0	8	12	1327.3	0	0	1
2011	14	3	1	0	1	1	5	657.297	0	0	1
2011	14	4	1	0	1	2	6	2029.73	0	0	1
2011	14	5	2	0	1	7	11	1153.38	0	0	1
2011	14	6	1	0	0	12	8	840.306	0	0	1
2011	14	7	1	0	1	11	7	1945.4	0	0	1
2011	14	8	1	0	0	12	4	1687.6	0	0	1
2011	14	9	1	0	0	9	5	1196.88	0	0	1
2011	14	10	1	0	0	7	3	2467.76	0	0	1
2011	14	11	2	0	0	6	10	772.946	0	0	1
2011	14	12	2	0	1	3	7	548.614	0	0	1
2011	14	13	2	0	0	4	12	987.05	0	0	1
2011	14	14	2	0	0	5	1	650.742	0	0	1
2011	14	15	2	0	0	7	3	575.096	1	0	0
2011	14	16	2	0	0	9	1	2016.82	0	1	0
2011	14	17	2	0	1	8	12	780.509	0	0	1
2011	14	18	1	0	0	3	11	1419.81	0	0	1
2011	14	19	1	0	0	2	6	871.596	1	0	0
2011	14	20	2	0	0	1	5	1551.33	0	1	0
2011	14	21	1	0	0	3	7	1089.32	0	0	1
2011	14	22	1	0	0	10	6	1219.02	0	0	1
2011	14	23	2	0	0	12	4	1018.45	0	0	1
2011	14	24	2	0	0	1	9	786.747	0	0	1
2011	14	25	1	0	1	10	2	642.234	0	0	1
2011	14	26	1	0	0	8	4	1186.31	0	0	1
2011	14	27	1	0	0	11	7	1217.45	0	0	1
2011	14	28	2	0	0	2	10	1125.36	0	0	1
2011	14	29	2	0	0	3	7	807.533	0	0	1
2011	14	30	2	0	0	2	10	815.062	0	0	1
2011	14	31	2	0	0	3	11	771.001	0	0	1
2011	14	32	1	0	0	12	8	937.823	0	0	1
2011	14	33	1	0	0	10	6	864.125	0	0	1
2011	14	34	1	0	0	9	5	932.57	0	0	1
2011	14	35	1	0	1	4	8	3407.01	0	0	1
2011	14	36	2	0	0	6	10	2366.42	0	0	1
2011	14	37	2	0	1	3	7	805.088	0	0	1
2011	14	38	1	0	0	10	2	1204.94	0	0	1
2011	14	39	1	0	0	1	9	2052.87	0	0	1
2011	14	40	2	0	0	3	11	786.185	0	0	1
2011	15	1	1	0	0	6	2	974.39	0	NaN	0
2011	15	2	2	0	0	3	7	941.121	0	0	1
2011	15	3	2	0	0	5	9	1407.07	0	0	1
2011	15	4	1	0	1	6	10	910.796	0	0	1
2011	15	5	2	0	0	1	5	684.551	0	0	1
2011	15	6	2	0	0	6	10	669.818	0	0	1
2011	15	7	2	0	1	4	8	830.892	0	0	1
2011	15	8	1	0	1	11	7	999.083	0	0	1
2011	15	9	1	0	0	10	6	710.859	0	0	1
2011	15	10	1	0	1	3	7	1220.44	0	0	1
2011	15	11	1	0	0	9	5	796.369	0	0	1
2011	15	12	2	0	0	12	4	875.531	0	0	1
2011	15	13	1	0	0	7	3	840.444	0	0	1
2011	15	14	2	0	1	12	4	719.954	0	0	1
2011	15	15	2	0	1	1	5	1589.83	0	0	1
2011	15	16	1	0	0	6	2	885.624	0	0	1
2011	15	17	1	0	0	8	12	1334.68	0	0	1
2011	15	18	1	0	0	7	11	924.946	0	0	1
2011	15	19	1	0	1	1	9	763.355	0	0	1
2011	15	20	1	0	0	4	8	789.273	0	0	1
2011	15	21	2	0	0	2	6	797.012	0	0	1
2011	15	22	2	0	1	9	5	788.234	0	0	1
2011	15	23	2	0	1	10	6	955.607	0	0	1
2011	15	24	1	0	0	9	1	866.188	0	0	1
2011	15	25	2	0	0	8	12	1299.38	0	0	1
2011	15	26	2	0	0	3	7	781.028	0	0	1
2011	15	27	1	0	0	12	8	987.446	0	0	1
2011	15	28	1	0	0	3	7	1859.56	0	0	1
2011	15	29	2	0	0	12	8	664.28	0	0	1
2011	15	30	2	0	0	9	5	737.39	0	0	1
2011	15	31	1	0	0	2	6	2471.74	0	0	1
2011	15	32	1	0	1	3	7	872.71	1	0	0
2011	15	33	2	0	1	2	10	872.323	0	1	0
2011	15	34	1	0	0	12	8	1701.21	0	0	1
2011	15	35	1	0	1	3	7	1162.56	0	0	1
2011	15	36	2	0	1	9	1	749.246	0	0	1
2011	15	37	1	0	0	8	12	1111.86	0	0	1
2011	15	38	2	0	0	2	10	689.028	0	0	1
2011	15	39	1	0	0	12	4	942.841	0	0	1
2011	15	40	1	0	0	6	2	741.157	0	0	1
2011	16	1	2	0	0	2	6	658.722	0	NaN	0
2011	16	2	1	0	0	8	4	1119.46	0	0	1
2011	16	3	2	0	0	5	9	992.564	0	0	1
2011	16	4	2	0	0	12	8	1248.48	0	0	1
2011	16	5	1	0	0	3	7	1409.16	0	0	1
2011	16	6	2	0	0	2	10	748.624	0	0	1
2011	16	7	1	0	0	3	11	1319.14	0	0	1
2011	16	8	2	0	0	10	2	969.143	0	0	1
2011	16	9	2	0	0	3	7	972.204	0	0	1
2011	16	10	1	0	0	10	6	1443.44	0	0	1
2011	16	11	1	0	1	12	4	1255.82	0	0	1
2011	16	12	1	0	0	5	9	996.54	0	0	1
2011	16	13	1	0	0	4	8	1416.01	0	0	1
2011	16	14	2	0	0	10	6	755.406	0	0	1
2011	16	15	2	0	0	4	8	886.416	0	0	1
2011	16	16	1	0	1	1	9	1183.5	0	0	1
2011	16	17	1	0	0	6	10	1278.89	0	0	1
2011	16	18	2	0	0	12	8	1739.76	0	0	1
2011	16	19	1	0	0	6	10	1985.84	0	0	1
2011	16	20	1	0	0	4	12	937.092	0	0	1
2011	16	21	1	0	0	10	2	771.538	1	0	0
2011	16	22	1	0	0	8	4	973.089	0	1	0
2011	16	23	2	0	0	7	3	503.835	0	0	1
2011	16	24	2	0	0	10	6	2629.53	0	0	1
2011	16	25	1	0	0	9	1	717.594	0	0	1
2011	16	26	2	0	0	4	12	803.22	0	0	1
2011	16	27	2	0	0	1	5	507.096	0	0	1
2011	16	28	1	0	0	6	10	1320.94	0	0	1
2011	16	29	1	0	0	9	5	574.481	0	0	1
2011	16	30	1	0	1	11	3	1109.96	0	0	1
2011	16	31	2	0	1	12	4	1131.7	0	0	1
2011	16	32	2	0	0	9	1	497.433	0	0	1
2011	16	33	2	0	1	12	8	823.345	0	0	1
2011	16	34	1	0	0	7	3	763.272	0	0	1
2011	16	35	1	0	1	6	2	1758.4	0	0	1
2011	16	36	2	0	0	7	11	1260.92	0	0	1
2011	16	37	1	0	0	2	10	1101.7	0	0	1
2011	16	38	1	0	0	8	4	1651.1	0	0	1
2011	16	39	2	0	0	2	10	2883.53	0	0	1
2011	16	40	2	0	0	12	8	808.163	0	0	1
2011	17	1	1	0	0	6	10	861.344	0	NaN	0
2011	17	2	1	0	0	8	12	822.122	0	0	1
2011	17	3	1	0	1	7	3	1726.17	0	0	1
2011	17	4	1	0	1	10	6	1100.04	0	0	1
2011	17	5	2	0	0	3	11	2085.45	0	0	1
2011	17	6	1	0	1	9	5	1055.5	0	0	1
2011	17	7	2	0	1	2	6	1376.09	0	0	1
2011	17	8	2	0	0	12	4	918.764	0	0	1
2011	17	9	2	0	0	10	6	1940.65	0	0	1
2011	17	10	1	0	0	4	12	1103.14	0	0	1
2011	17	11	2	0	0	1	5	700.793	0	0	1
2011	17	12	2	0	0	11	7	770.809	0	0	1
2011	17	13	1	0	0	8	4	797.64	0	0	1
2011	17	14	2	0	0	6	2	593.01	0	0	1
2011	17	15	1	0	1	3	7	752.377	0	0	1
2011	17	16	2	0	0	12	4	783.151	0	0	1
2011	17	17	2	0	1	1	5	1190.51	0	0	1
2011	17	18	1	0	1	3	7	1541.03	0	0	1
2011	17	19	2	0	0	1	5	1080.19	0	0	1
2011	17	20	2	0	1	11	3	2717.43	0	0	1
2011	17	21	2	0	1	6	2	1162.52	0	0	1
2011	17	22	2	0	0	12	4	1126	0	0	1
2011	17	23	2	0	0	9	5	832.174	0	0	1
2011	17	24	2	0	0	12	8	716.183	0	0	1
2011	17	25	1	0	1	11	7	982.21	0	0	1
2011	17	26	2	0	0	8	12	1097.07	0	0	1
2011	17	27	2	0	0	7	3	1970.61	0	0	1
2011	17	28	2	0	0	10	6	1181.61	0	0	1
2011	17	29	2	0	0	1	5	1280.37	0	0	1
2011	17	30	1	0	1	6	2	1746.05	0	0	1
2011	17	31	1	0	0	7	11	2156.58	0	0	1
2011	17	32	2	0	0	1	9	1166.92	0	0	1
2011	17	33	1	0	0	11	7	817.986	0	0	1
2011	17	34	2	0	0	2	6	921.688	0	0	1
2011	17	35	1	0	0	8	4	1315.58	0	0	1
2011	17	36	1	0	1	2	10	1477.64	0	0	1
2011	17	37	2	0	0	9	5	1818.77	0	0	1
2011	17	38	2	0	1	4	12	787.547	0	0	1
2011	17	39	1	0	0	7	3	818.721	0	0	1
2011	17	40	1	0	0	4	12	1006.86	0	0	1
2011	18	1	2	0	0	1	9	1203.24	0	NaN	0
2011	18	2	2	0	0	7	3	882.78	0	0	1
2011	18	3	1	0	0	10	6	1100.83	1	0	0
2011	18	4	1	0	0	1	9	1245.17	0	1	0
2011	18	5	2	0	0	6	2	821.26	0	0	1
2011	18	6	1	0	1	5	1	1429.4	0	0	1
2011	18	7	2	0	0	7	3	693.672	0	0	1
2011	18	8	1	0	0	8	12	854.698	0	0	1
2011	18	9	1	0	1	9	1	1619.52	0	0	1
2011	18	10	2	0	0	7	3	2067.6	0	0	1
2011	18	11	2	0	0	10	2	892.575	0	0	1
2011	18	12	2	0	0	11	7	821.209	0	0	1
2011	18	13	1	0	0	10	2	1321.17	0	0	1
2011	18	14	2	0	0	5	1	751.485	0	0	1
2011	18	15	2	0	0	12	8	554.05	0	0	1
2011	18	16	1	0	1	1	5	1260.54	0	0	1
2011	18	17	1	0	0	11	3	917.309	0	0	1
2011	18	18	2	0	1	5	1	2015.19	0	0	1
2011	18	19	1	0	0	11	3	923.229	1	0	0
2011	18	20	2	0	0	6	2	2831.58	0	1	0
2011	18	21	1	0	1	11	3	787.835	0	0	1
2011	18	22	2	0	1	4	12	1823.07	0	0	1
2011	18	23	2	0	0	10	6	1983.34	0	0	1
2011	18	24	1	0	0	7	11	1754.64	0	0	1
2011	18	25	2	0	1	9	5	1201.4	0	0	1
2011	18	26	1	0	0	2	6	996.854	0	0	1
2011	18	27	1	0	0	9	5	772.566	0	0	1
2011	18	28	2	0	0	12	8	1120.36	0	0	1
2011	18	29	1	0	0	11	3	863.585	0	0	1
2011	18	30	2	0	0	2	6	792.364	0	0	1
2011	18	31	2	0	0	8	12	3271.48	0	0	1
2011	18	32	2	0	0	1	9	820.053	0	0	1
2011	18	33	1	0	1	2	6	1948.47	0	0	1
2011	18	34	2	0	1	12	8	1110.72	0	0	1
2011	18	35	1	0	0	3	11	1024.72	0	0	1
2011	18	36	2	0	0	1	5	2584.92	0	0	1
2011	18	37	2	0	0	12	8	732.138	0	0	1
2011	18	38	1	0	0	10	6	1058.49	0	0	1
2011	18	39	2	0	0	9	1	1168.19	0	0	1
2011	18	40	1	0	0	10	2	767.199	0	0	1
2011	19	1	1	0	0	10	6	1038.56	0	NaN	0
2011	19	2	2	0	0	12	4	702.717	0	0	1
2011	19	3	1	0	1	2	10	1020.53	0	0	1
2011	19	4	1	0	1	5	9	1375.89	0	0	1
2011	19	5	2	0	0	8	12	1340.82	0	0	1
2011	19	6	2	0	0	2	6	695.383	0	0	1
2011	19	7	2	0	1	5	1	633.001	0	0	1
2011	19	8	1	0	1	3	11	1468.72	0	0	1
2011	19	9	2	0	1	2	6	885.482	0	0	1
2011	19	10	2	0	0	8	12	1362.89	0	0	1
2011	19	11	1	0	0	2	10	1373.77	0	0	1
2011	19	12	1	0	0	7	11	2336.66	0	0	1
2011	19	13	2	0	0	4	8	926.413	0	0	1
2011	19	14	1	0	1	3	7	1336.77	0	0	1
2011	19	15	2	0	0	5	9	1219.23	1	0	0
2011	19	16	1	0	0	6	10	1506.11	0	1	0
2011	19	17	1	0	0	9	1	947.584	0	0	1
2011	19	18	2	0	1	11	3	734.045	0	0	1
2011	19	19	1	0	0	4	8	1712.21	0	0	1
2011	19	20	2	0	0	11	7	566.048	0	0	1
2011	19	21	1	0	0	2	6	1012.05	0	0	1
2011	19	22	2	0	0	9	1	920.821	0	0	1
2011	19	23	1	0	1	10	2	662.598	0	0	1
2011	19	24	1	0	1	12	8	711.215	0	0	1
2011	19	25	2	0	0	9	1	661.195	0	0	1
2011	19	26	2	0	0	7	11	929.914	0	0	1
2011	19	27	2	0	0	12	4	811.977	0	0	1
2011	19	28	2	0	0	1	5	603.703	0	0	1
2011	19	29	2	0	1	11	7	1115.4	0	0	1
2011	19	30	1	0	0	8	4	3421.47	0	0	1
2011	19	31	1	0	0	9	1	2168.97	0	0	1
2011	19	32	2	0	0	6	2	1924.03	0	0	1
2011	19	33	2	0	1	1	9	1229.9	0	0	1
2011	19	34	2	0	1	11	7	2166.24	0	0	1
2011	19	35	2	0	1	1	5	2028.88	0	0	1
2011	19	36	2	0	1	2	10	1208.71	0	0	1
2011	19	37	2	0	0	9	1	2448.15	0	0	1
2011	19	38	2	0	0	2	10	1888.12	0	0	1
2011	19	39	1	0	0	9	1	938.322	0	0	1
2011	19	40	1	0	0	11	7	1904.41	0	0	1
2011	20	1	1	0	0	6	10	1045.26	0	NaN	0
2011	20	2	1	0	0	1	5	1253.39	0	0	1
2011	20	3	1	0	0	3	7	682.273	0	0	1
2011	20	4	2	0	0	9	1	623.468	0	0	1
2011	20	5	2	0	0	10	2	695.7	0	0	1
2011	20	6	2	0	0	4	12	502.044	1	0	0
2011	20	7	1	0	1	10	2	1302.39	0	1	0
2011	20	8	1	0	0	5	9	2031.29	0	0	1
2011	20	9	1	0	0	3	11	1728.01	0	0	1
2011	20	10	2	0	1	9	5	1261.61	0	0	1
2011	20	11	2	0	1	12	4	2390.26	0	0	1
2011	20	12	1	0	0	10	6	1785.66	0	0	1
2011	20	13	2	0	1	3	11	724.449	0	0	1
2011	20	14	2	0	0	1	5	2022.66	0	0	1
2011	20	15	2	0	0	11	3	2037.56	0	0	1
2011	20	16	2	0	0	10	2	778.427	0	0	1
2011	20	17	1	0	0	12	4	745.647	0	0	1
2011	20	18	2	0	1	1	9	1119.88	0	0	1
2011	20	19	1	0	0	12	4	1850.49	0	0	1
2011	20	20	1	0	0	6	2	1602.91	0	0	1
2011	20	21	1	0	1	8	12	1090.75	0	0	1
2011	20	22	1	0	0	10	6	1420.22	0	0	1
2011	20	23	1	0	1	7	11	2208.01	0	0	1
2011	20	24	2	0	0	2	10	1599.82	0	0	1
2011	20	25	1	0	0	7	3	931.094	1	0	0
2011	20	26	1	0	1	12	4	1923.72	0	1	0
2011	20	27	2	0	1	7	11	1537.37	0	0	1
2011	20	28	1	0	1	9	1	1012.02	0	0	1
2011	20	29	1	0	0	7	11	1211.57	0	0	1
2011	20	30	1	0	1	12	4	3027.39	0	0	1
2011	20	31	1	0	0	5	9	1043.32	0	0	1
2011	20	32	2	0	1	8	4	751.612	0	0	1
2011	20	33	1	0	0	11	3	839.492	0	0	1
2011	20	34	1	0	1	9	1	1039.49	0	0	1
2011	20	35	2	0	0	3	11	3644.82	0	0	1
2011	20	36	1	0	0	6	2	1165.19	0	0	1
2011	20	37	1	0	0	9	5	688.214	0	0	1
2011	20	38	2	0	1	2	10	1097.16	0	0	1
2011	20	39	1	0	0	7	11	1083.03	0	0	1
2011	20	40	2	0	0	6	2	675.415	0	0	1
2011	21	1	2	0	0	4	8	731.432	0	NaN	0
2011	21	2	2	0	1	1	5	841.726	0	0	1
2011	21	3	1	0	1	3	11	619.272	0	0	1
2011	21	4	2	0	0	1	9	903.47	0	0	1
2011	21	5	1	0	1	7	3	1016.38	0	0	1
2011	21	6	1	0	0	6	10	780.999	0	0	1
2011	21	7	1	0	1	8	4	756.162	0	0	1
2011	21	8	2	0	1	5	1	1062.74	0	0	1
2011	21	9	1	0	0	4	12	851.562	0	0	1
2011	21	10	2	0	0	3	7	732.002	0	0	1
2011	21	11	2	0	1	9	5	634.45	0	0	1
2011	21	12	2	0	1	6	10	818.68	1	0	0
2011	21	13	2	0	0	9	1	1189.06	0	1	0
2011	21	14	2	0	0	7	3	2515.77	0	0	1
2011	21	15	1	0	0	4	8	1430.24	0	0	1
2011	21	16	2	0	0	2	6	753.986	0	0	1
2011	21	17	1	0	0	12	8	889.013	0	0	1
2011	21	18	1	0	0	7	3	1111.14	1	0	0
2011	21	19	2	0	0	9	5	1483.49	0	1	0
2011	21	20	1	0	0	8	4	3784.87	1	0	0
2011	21	21	2	0	0	6	2	2682.75	0	1	0
2011	21	22	1	0	1	5	9	815.444	0	0	1
2011	21	23	1	0	1	7	11	2179.24	0	0	1
2011	21	24	1	0	0	12	4	1846.15	0	0	1
2011	21	25	2	0	0	11	3	2162.38	0	0	1
2011	21	26	2	0	0	8	12	2485.4	0	0	1
2011	21	27	2	0	0	10	6	546.494	0	0	1
2011	21	28	1	0	0	4	8	928.815	0	0	1
2011	21	29	2	0	0	2	6	1458.91	0	0	1
2011	21	30	1	0	0	4	12	1959.65	0	0	1
2011	21	31	1	0	0	5	9	622.351	0	0	1
2011	21	32	1	0	1	2	6	950.054	0	0	1
2011	21	33	2	0	0	8	12	784.538	0	0	1
2011	21	34	2	0	0	11	7	804.509	0	0	1
2011	21	35	2	0	0	9	1	696.531	0	0	1
2011	21	36	2	0	0	11	3	1061.87	0	0	1
2011	21	37	1	0	0	2	10	942.64	0	0	1
2011	21	38	2	0	0	9	5	712.47	0	0	1
2011	21	39	1	0	1	3	7	1230.99	1	0	0
2011	21	40	2	0	0	1	9	1037.6	0	1	0
2011	22	1	2	0	0	3	7	1396.56	0	NaN	0
2011	22	2	1	0	0	4	8	2672	0	0	1
2011	22	3	1	0	0	10	6	721.793	0	0	1
2011	22	4	2	0	0	8	12	1243.77	0	0	1
2011	22	5	1	0	1	2	6	1636.53	0	0	1
2011	22	6	2	0	0	3	7	1571.92	0	0	1
2011	22	7	2	0	0	4	12	639.42	0	0	1
2011	22	8	1	0	1	11	3	3179.97	0	0	1
2011	22	9	1	0	1	5	1	843.009	0	0	1
2011	22	10	2	0	0	6	2	1100.18	0	0	1
2011	22	11	2	0	0	7	3	750.723	0	0	1
2011	22	12	2	0	0	2	10	1097.17	0	0	1
2011	22	13	2	0	0	1	9	818.675	0	0	1
2011	22	14	2	0	1	10	2	771.943	0	0	1
2011	22	15	2	0	0	1	5	758.859	0	0	1
2011	22	16	2	0	0	12	4	561.427	0	0	1
2011	22	17	2	0	0	1	9	504.054	0	0	1
2011	22	18	2	0	0	7	11	633.906	0	0	1
2011	22	19	2	0	0	12	8	1049.83	0	0	1
2011	22	20	1	0	1	3	11	1222.36	0	0	1
2011	22	21	2	0	0	10	2	1218.35	0	0	1
2011	22	22	1	0	0	3	11	618.265	0	0	1
2011	22	23	2	0	0	6	10	790.41	0	0	1
2011	22	24	1	0	0	4	12	713.899	0	0	1
2011	22	25	1	0	1	6	10	1247.79	0	0	1
2011	22	26	2	0	0	12	4	1208.39	0	0	1
2011	22	27	2	0	0	1	9	1496.1	0	0	1
2011	22	28	2	0	0	4	12	1536.91	0	0	1
2011	22	29	1	0	1	10	2	1228.24	0	0	1
2011	22	30	2	0	0	1	5	763.55	0	0	1
2011	22	31	2	0	0	12	8	662.85	0	0	1
2011	22	32	1	0	0	3	11	947.692	0	0	1
2011	22	33	2	0	0	1	9	2067.42	0	0	1
2011	22	34	2	0	0	2	6	680.246	0	0	1
2011	22	35	2	0	0	12	8	765.507	0	0	1
2011	22	36	2	0	0	7	11	872.407	0	0	1
2011	22	37	2	0	0	10	6	821.421	0	0	1
2011	22	38	2	0	0	3	7	704.631	0	0	1
2011	22	39	2	0	0	9	5	1074.98	0	0	1
2011	22	40	2	0	1	7	3	1023.89	0	0	1
2011	23	1	2	0	0	2	10	1495.01	0	NaN	0
2011	23	2	1	0	0	12	4	788.132	0	0	1
2011	23	3	2	0	1	11	7	1146.78	0	0	1
2011	23	4	1	0	1	4	8	709.426	0	0	1
2011	23	5	1	0	0	7	11	715.84	0	0	1
2011	23	6	2	0	0	12	8	721.584	0	0	1
2011	23	7	2	0	0	5	1	803.633	0	0	1
2011	23	8	1	0	0	2	6	835.501	0	0	1
2011	23	9	2	0	0	4	12	667.465	0	0	1
2011	23	10	1	0	0	7	11	804.68	0	0	1
2011	23	11	1	0	0	10	2	668.483	0	0	1
2011	23	12	1	0	0	1	5	709.594	0	0	1
2011	23	13	1	0	0	6	2	595.578	0	0	1
2011	23	14	1	0	0	1	9	534.934	0	0	1
2011	23	15	2	0	0	11	7	837.37	0	0	1
2011	23	16	1	0	0	8	4	841.708	0	0	1
2011	23	17	2	0	0	6	2	782.169	0	0	1
2011	23	18	1	0	1	12	4	1273.19	0	0	1
2011	23	19	2	0	0	3	7	909.848	0	0	1
2011	23	20	1	0	0	2	10	1104.72	0	0	1
2011	23	21	2	0	0	1	5	462.325	0	0	1
2011	23	22	2	0	0	7	11	739.196	0	0	1
2011	23	23	2	0	0	1	5	553.516	0	0	1
2011	23	24	1	0	1	3	7	608.475	0	0	1
2011	23	25	1	0	0	6	10	1004.54	0	0	1
2011	23	26	1	0	0	8	4	1004.15	0	0	1
2011	23	27	1	0	0	9	1	1026.98	0	0	1
2011	23	28	2	0	1	3	7	1587.86	0	0	1
2011	23	29	1	0	0	4	8	1783.41	0	0	1
2011	23	30	2	0	0	9	1	1930.78	0	0	1
2011	23	31	2	0	0	6	10	1809.01	0	0	1
2011	23	32	1	0	0	9	5	1500.57	0	0	1
2011	23	33	2	0	0	2	6	918.332	0	0	1
2011	23	34	2	0	1	8	4	1592.27	0	0	1
2011	23	35	1	0	0	6	10	703.929	0	0	1
2011	23	36	1	0	1	5	1	925.8	1	0	0
2011	23	37	2	0	0	2	6	1518.41	0	1	0
2011	23	38	1	0	0	7	11	856.258	0	0	1
2011	23	39	1	0	0	8	4	844.818	0	0	1
2011	23	40	2	0	1	5	9	549.782	0	0	1
2012	1	1	1	1	0	12	8	5951.59	0	NaN	0
2012	1	2	1	1	0	7	3	1312.67	0	0	0
2012	1	3	1	1	0	8	12	1938.32	1	0	0
2012	1	4	2	1	0	5	1	7339.38	0	1	0
2012	1	5	2	1	0	8	4	5236.73	1	0	0
2012	1	6	1	1	0	2	10	1639.19	0	1	0
2012	1	7	2	1	0	7	11	647.244	0	0	0
2012	1	8	2	1	0	12	4	939.685	0	0	0
2012	1	9	1	1	0	2	10	770.099	0	0	0
2012	1	10	2	1	0	8	12	549.139	1	0	0
2012	1	11	1	1	0	2	6	938.007	0	1	0
2012	1	12	2	1	0	3	7	692.455	0	0	0
2012	1	13	2	1	0	9	1	1129.8	0	0	0
2012	1	14	2	1	0	8	12	952.042	0	0	0
2012	1	15	1	1	0	7	3	866.493	0	0	0
2012	1	16	2	1	0	9	1	907.81	0	0	0
2012	1	17	1	1	0	11	3	821.351	0	0	0
2012	1	18	2	1	0	1	9	1289.48	0	0	0
2012	1	19	2	1	0	10	6	790.5	0	0	0
2012	1	20	1	1	0	12	8	829.973	0	0	0
2012	2	1	1	1	0	3	7	2336.81	0	NaN	0
2012	2	2	2	1	0	9	5	3483.35	1	0	0
2012	2	3	1	1	0	2	10	4286.3	1	1	0
2012	2	4	1	1	0	5	9	28682.4	0	1	0
2012	2	5	1	1	0	2	10	2744.56	1	0	0
2012	2	6	2	1	0	9	5	67952.7	0	1	0
2012	2	7	2	1	0	3	7	4856.32	0	0	0
2012	2	8	2	1	0	4	12	11428.4	1	0	0
2012	2	9	1	1	0	9	5	2474.01	0	1	0
2012	2	10	1	1	0	4	8	3811	0	0	0
2012	2	11	1	1	0	5	1	2614.1	0	0	0
2012	2	12	2	1	0	7	11	1818.05	0	0	0
2012	2	13	1	1	0	10	6	1345.46	1	0	0
2012	2	14	1	1	0	5	1	3954.48	1	1	0
2012	2	15	1	1	0	8	4	42483.5	0	1	0
2012	2	16	2	1	0	3	7	2627.58	1	0	0
2012	2	17	1	1	0	6	10	10170.3	0	1	0
2012	2	18	1	1	0	5	9	1828.38	1	0	0
2012	2	19	1	1	0	8	12	4734.24	1	1	0
2012	2	20	1	1	0	6	2	3291.23	1	1	0
2012	3	1	2	1	0	6	2	1672.27	0	NaN	0
2012	3	2	1	1	0	5	1	3441.84	0	0	0
2012	3	3	2	1	1	7	11	1449.8	0	0	0
2012	3	4	2	1	1	8	12	1782.74	0	0	0
2012	3	5	2	1	0	3	11	2057.72	0	0	0
2012	3	6	1	1	0	12	8	2409.57	0	0	0
2012	3	7	1	1	1	11	3	1721.72	0	0	0
2012	3	8	2	1	0	5	9	1480.4	1	0	0
2012	3	9	2	1	0	6	10	1240.08	0	1	0
2012	3	10	2	1	1	3	11	1632.22	0	0	0
2012	3	11	1	1	0	8	4	5184.2	0	0	0
2012	3	12	2	1	1	2	6	3286.89	0	0	0
2012	3	13	1	1	1	1	9	2035.53	0	0	0
2012	3	14	2	1	0	2	10	1624.44	0	0	0
2012	3	15	2	1	0	3	7	3467.63	0	0	0
2012	3	16	2	1	0	4	12	2224.84	0	0	0
2012	3	17	2	1	0	3	7	3008.8	0	0	0
2012	3	18	1	1	0	12	8	1784.28	0	0	0
2012	3	19	1	1	1	3	11	1959.58	0	0	0
2012	3	20	2	1	1	8	4	1886.25	0	0	0
2012	4	1	1	0	0	5	9	2273.87	0	NaN	0
2012	4	2	1	0	0	4	12	2583.32	0	0	1
2012	4	3	2	0	1	2	6	1126.29	0	0	1
2012	4	4	2	0	0	4	8	2876.07	0	0	1
2012	4	5	1	0	1	3	11	2044.92	0	0	1
2012	4	6	2	0	1	9	5	2025.31	0	0	1
2012	4	7	2	0	1	3	7	1253.18	0	0	1
2012	4	8	2	0	0	1	9	2809.41	1	0	0
2012	4	9	2	0	1	10	2	3223.01	0	1	0
2012	4	10	1	0	0	5	1	1643.35	0	0	1
2012	4	11	1	0	1	4	12	2195.4	0	0	1
2012	4	12	2	0	1	10	6	1482.44	0	0	1
2012	4	13	2	0	1	5	9	1267.9	0	0	1
2012	4	14	1	0	0	8	4	1953.37	0	0	1
2012	4	15	2	0	0	1	5	1963.08	0	0	1
2012	4	16	2	0	0	8	4	1790.69	0	0	1
2012	4	17	2	0	0	10	2	1109.72	0	0	1
2012	4	18	2	0	0	1	9	1059.78	0	0	1
2012	4	19	2	0	0	3	7	1497.25	0	0	1
2012	4	20	2	0	0	5	9	1086.65	0	0	1
2012	4	21	2	0	0	11	3	3199.78	1	0	0
2012	4	22	1	0	0	12	8	1673.6	0	1	0
2012	4	23	1	0	0	1	9	2583.39	0	0	1
2012	4	24	1	0	0	3	7	1018.27	0	0	1
2012	4	25	2	0	1	8	12	1046.02	0	0	1
2012	4	26	1	0	0	5	1	2462.67	1	0	0
2012	4	27	2	0	1	12	8	2889.89	1	1	0
2012	4	28	1	0	0	6	2	2873.5	0	1	0
2012	4	29	2	0	0	3	11	3846.05	0	0	1
2012	4	30	1	0	0	5	1	1427.12	0	0	1
2012	4	31	2	0	0	11	3	2382.95	1	0	0
2012	4	32	1	0	0	1	5	4216.37	1	1	0
2012	4	33	1	0	0	6	10	1102.48	0	1	0
2012	4	34	2	0	1	5	1	1519.95	0	0	1
2012	4	35	2	0	0	11	3	1053.75	0	0	1
2012	4	36	2	0	1	4	12	1282.11	0	0	1
2012	4	37	1	0	0	5	1	1519.42	0	0	1
2012	4	38	1	0	1	10	6	905.412	0	0	1
2012	4	39	2	0	1	7	3	999.121	0	0	1
2012	4	40	1	0	1	8	4	2646.33	0	0	1
2012	5	1	2	0	0	12	4	2587.85	0	NaN	0
2012	5	2	2	0	0	2	10	876.24	0	0	1
2012	5	3	2	0	0	9	1	793.113	0	0	1
2012	5	4	2	0	0	10	2	738.23	0	0	1
2012	5	5	1	0	1	5	1	1425.49	0	0	1
2012	5	6	2	0	0	6	10	4341.91	0	0	0
2012	5	7	1	0	0	7	3	1363.93	0	0	1
2012	5	8	2	0	0	4	8	1234.45	0	0	1
2012	5	9	2	0	0	9	5	2250.66	0	0	1
2012	5	10	1	0	1	2	10	3675.02	0	0	1
2012	5	11	1	0	0	1	9	1668.11	0	0	1
2012	5	12	2	0	1	3	7	2160.71	1	0	0
2012	5	13	2	0	1	6	2	942.917	0	1	0
2012	5	14	1	0	0	9	5	1041.36	0	0	1
2012	5	15	1	0	0	4	12	1381.77	0	0	1
2012	5	16	2	0	0	2	6	1045.12	0	0	1
2012	5	17	1	0	0	5	1	2021.29	0	0	1
2012	5	18	1	0	1	7	11	2553	0	0	1
2012	5	19	1	0	0	9	1	2215	0	0	1
2012	5	20	2	0	0	3	7	1403.43	0	0	1
2012	5	21	1	0	1	5	1	1190.76	0	0	1
2012	5	22	2	0	0	10	6	734.043	1	0	0
2012	5	23	2	0	1	5	1	3683.06	1	1	0
2012	5	24	2	0	0	12	8	3366.34	0	1	0
2012	5	25	1	0	0	10	2	3489.15	0	0	1
2012	5	26	1	0	1	5	1	1310.08	0	0	1
2012	5	27	1	0	0	11	7	1940.14	0	0	1
2012	5	28	2	0	1	2	6	1730.39	1	0	0
2012	5	29	1	0	1	1	5	2175.08	0	1	0
2012	5	30	2	0	0	8	12	1041.16	0	0	1
2012	5	31	2	0	0	7	11	1058.45	0	0	1
2012	5	32	1	0	0	9	5	1726.7	0	0	1
2012	5	33	2	0	1	8	4	2016.91	0	0	1
2012	5	34	2	0	0	10	6	1577.48	0	0	1
2012	5	35	1	0	0	7	3	3175.5	0	0	1
2012	5	36	2	0	0	8	4	706.812	0	0	1
2012	5	37	1	0	0	6	10	1608.17	0	0	1
2012	5	38	2	0	0	3	7	1232.38	0	0	1
2012	5	39	1	0	0	10	6	960.539	0	0	1
2012	5	40	2	0	0	1	5	1395.1	0	0	1
2012	6	1	1	0	0	11	7	2024.94	0	NaN	0
2012	6	2	1	0	0	12	4	1704.98	0	0	1
2012	6	3	1	0	0	5	9	1411.31	0	0	1
2012	6	4	1	0	0	10	6	2058.92	1	0	0
2012	6	5	1	0	1	8	4	773.843	0	1	0
2012	6	6	1	0	0	3	11	1001.88	0	0	1
2012	6	7	2	0	0	2	10	881.074	1	0	0
2012	6	8	2	0	0	3	11	880.699	0	1	0
2012	6	9	1	0	0	4	8	737.953	0	0	1
2012	6	10	1	0	0	7	3	803.887	0	0	1
2012	6	11	2	0	1	5	9	2911.51	1	0	0
2012	6	12	1	0	0	4	12	763.587	0	1	0
2012	6	13	1	0	1	7	3	1866.43	0	0	1
2012	6	14	2	0	1	4	8	1031.13	0	0	1
2012	6	15	1	0	0	6	10	1062.77	0	0	1
2012	6	16	1	0	0	12	8	959.927	0	0	1
2012	6	17	1	0	0	5	1	1158.17	0	0	1
2012	6	18	2	0	1	6	10	693.302	0	0	1
2012	6	19	2	0	0	9	5	1583.18	0	0	1
2012	6	20	2	0	0	4	12	678.206	0	0	1
2012	6	21	2	0	0	5	1	695.383	0	0	1
2012	6	22	1	0	0	7	3	596.28	0	0	1
2012	6	23	1	0	0	5	1	1000.13	0	0	1
2012	6	24	1	0	0	11	7	667.588	0	0	1
2012	6	25	1	0	0	6	10	608.676	0	0	1
2012	6	26	2	0	1	4	12	1256.29	1	0	0
2012	6	27	2	0	0	9	5	2803.39	0	1	0
2012	6	28	1	0	0	4	12	1414.6	0	0	1
2012	6	29	2	0	0	2	10	1003.39	0	0	1
2012	6	30	1	0	1	8	4	1219.07	0	0	1
2012	6	31	2	0	1	6	10	1674.69	0	0	1
2012	6	32	1	0	0	11	3	2139.99	0	0	1
2012	6	33	1	0	0	8	12	1357.67	0	0	1
2012	6	34	2	0	0	3	7	720.287	0	0	1
2012	6	35	1	0	0	6	2	1049.78	0	0	1
2012	6	36	1	0	0	12	4	655.175	0	0	1
2012	6	37	1	0	0	2	10	1203.65	0	0	1
2012	6	38	2	0	1	7	3	647.063	0	0	1
2012	6	39	1	0	1	6	2	1951.8	0	0	1
2012	6	40	1	0	0	8	4	2325.96	0	0	1
2012	7	1	2	0	0	5	1	2571.19	0	NaN	0
2012	7	2	2	0	0	11	7	1337.96	0	0	1
2012	7	3	1	0	0	5	1	820.803	1	0	0
2012	7	4	1	0	0	11	3	1219.6	1	1	0
2012	7	5	1	0	0	8	4	1366.15	1	1	0
2012	7	6	1	0	1	11	3	5230.65	0	1	0
2012	7	7	1	0	0	2	6	1242.48	0	0	1
2012	7	8	1	0	0	9	1	998.379	0	0	1
2012	7	9	2	0	1	12	8	4334.54	0	0	0
2012	7	10	2	0	0	1	5	804.516	0	0	1
2012	7	11	1	0	0	4	12	2068.36	0	0	1
2012	7	12	2	0	0	11	7	1793.02	0	0	1
2012	7	13	2	0	1	5	9	1212.34	0	0	1
2012	7	14	1	0	0	7	11	1084.02	0	0	1
2012	7	15	1	0	0	4	12	929.415	0	0	1
2012	7	16	1	0	0	6	10	746.821	0	0	1
2012	7	17	1	0	0	4	12	966.1	0	0	1
2012	7	18	1	0	0	3	11	796.723	0	0	1
2012	7	19	1	0	0	9	1	1372.17	0	0	1
2012	7	20	1	0	0	3	7	970.726	0	0	1
2012	7	21	1	0	0	10	2	945.628	0	0	1
2012	7	22	2	0	0	1	9	735.889	0	0	1
2012	7	23	1	0	1	11	7	825.78	0	0	1
2012	7	24	2	0	0	4	12	833.978	0	0	1
2012	7	25	1	0	0	1	9	966.518	1	0	0
2012	7	26	1	0	0	4	8	1171.12	1	1	0
2012	7	27	1	0	0	3	7	2305.36	0	1	0
2012	7	28	2	0	0	10	2	2122.59	0	0	1
2012	7	29	2	0	0	8	4	2668.63	0	0	1
2012	7	30	1	0	1	1	5	1873.14	0	0	1
2012	7	31	1	0	0	12	8	2781.89	1	0	0
2012	7	32	1	0	0	2	6	3539.5	0	1	0
2012	7	33	1	0	0	12	4	3525.9	1	0	0
2012	7	34	1	0	0	10	2	3918.37	0	1	0
2012	7	35	2	0	0	4	12	1807.85	0	0	1
2012	7	36	2	0	0	6	10	1203.76	0	0	1
2012	7	37	2	0	0	9	5	1059.46	0	0	1
2012	7	38	2	0	0	6	10	872.306	0	0	1
2012	7	39	2	0	1	9	5	949.162	0	0	1
2012	7	40	1	0	0	8	12	2167.72	0	0	1
2012	8	1	1	0	0	6	2	3033.91	0	NaN	0
2012	8	2	2	0	0	1	9	3601.77	0	0	1
2012	8	3	2	0	1	7	3	1188.96	0	0	1
2012	8	4	1	0	0	12	4	1056.53	0	0	1
2012	8	5	2	0	0	2	10	1681.98	0	0	1
2012	8	6	2	0	1	3	7	1542.27	0	0	1
2012	8	7	2	0	1	6	2	877.096	0	0	1
2012	8	8	2	0	0	7	11	961.918	0	0	1
2012	8	9	2	0	0	1	9	1024.84	0	0	1
2012	8	10	1	0	0	2	10	808.504	0	0	1
2012	8	11	2	0	1	1	9	704.168	0	0	1
2012	8	12	1	0	0	8	4	2253.52	0	0	1
2012	8	13	1	0	0	9	1	1362.23	1	0	0
2012	8	14	1	0	0	7	3	1948.25	0	1	0
2012	8	15	2	0	0	1	5	1154.52	0	0	1
2012	8	16	1	0	1	11	7	1053.78	0	0	1
2012	8	17	2	0	1	5	1	2914.44	0	0	1
2012	8	18	1	0	0	10	2	2635.63	0	0	1
2012	8	19	2	0	1	1	5	1055.38	0	0	1
2012	8	20	2	0	0	4	12	1448.05	0	0	1
2012	8	21	2	0	0	11	7	1076.33	0	0	1
2012	8	22	1	0	0	8	4	2713.35	0	0	1
2012	8	23	1	0	0	5	1	978.769	0	0	1
2012	8	24	1	0	1	10	2	1202	0	0	1
2012	8	25	2	0	0	11	3	2116.7	0	0	1
2012	8	26	2	0	0	12	4	1334.59	0	0	1
2012	8	27	1	0	0	3	7	2009.34	0	0	1
2012	8	28	1	0	1	9	5	1572.98	0	0	1
2012	8	29	1	0	0	12	8	1019.77	0	0	1
2012	8	30	1	0	0	11	3	987.852	0	0	1
2012	8	31	1	0	1	4	12	1831	0	0	1
2012	8	32	2	0	0	3	11	1926.33	0	0	1
2012	8	33	2	0	0	6	2	1672.29	0	0	1
2012	8	34	1	0	0	12	4	2293.72	0	0	1
2012	8	35	1	0	0	10	6	1010.17	0	0	1
2012	8	36	1	0	0	9	1	1642.76	0	0	1
2012	8	37	1	0	0	2	10	739.694	0	0	1
2012	8	38	1	0	1	4	12	1449.94	0	0	1
2012	8	39	2	0	1	1	9	1402.75	0	0	1
2012	8	40	1	0	1	11	7	1706.14	0	0	1
2012	9	1	2	0	0	2	10	1422.41	0	NaN	0
2012	9	2	1	0	1	9	1	2307.21	0	0	1
2012	9	3	1	0	0	12	8	1384.24	0	0	1
2012	9	4	2	0	0	1	9	715.725	0	0	1
2012	9	5	1	0	0	4	8	769.6	0	0	1
2012	9	6	2	0	0	1	5	924.208	0	0	1
2012	9	7	2	0	0	3	11	594.932	0	0	1
2012	9	8	1	0	1	6	10	1726.46	0	0	1
2012	9	9	2	0	0	4	8	732.228	0	0	1
2012	9	10	2	0	0	10	6	818.066	0	0	1
2012	9	11	2	0	0	3	7	1361.74	0	0	1
2012	9	12	1	0	1	10	6	1068.75	0	0	1
2012	9	13	1	0	1	7	3	809.61	1	0	0
2012	9	14	1	0	0	6	10	2612.04	0	1	0
2012	9	15	1	0	0	4	12	1975.75	0	0	1
2012	9	16	1	0	0	11	3	1151	0	0	1
2012	9	17	2	0	0	10	2	1125.11	0	0	1
2012	9	18	1	0	0	9	1	651.418	0	0	1
2012	9	19	2	0	0	8	4	2719.9	0	0	1
2012	9	20	2	0	1	2	6	909.585	0	0	1
2012	9	21	2	0	0	5	1	675.344	0	0	1
2012	9	22	2	0	0	8	4	1084.5	0	0	1
2012	9	23	2	0	0	1	9	757.007	0	0	1
2012	9	24	1	0	0	7	3	775.493	0	0	1
2012	9	25	1	0	1	1	9	747.231	0	0	1
2012	9	26	1	0	1	10	2	882.04	0	0	1
2012	9	27	1	0	0	1	5	1015.31	0	0	1
2012	9	28	2	0	1	12	4	827.19	0	0	1
2012	9	29	1	0	0	7	3	799.083	0	0	1
2012	9	30	2	0	0	8	4	1130.59	0	0	1
2012	9	31	2	0	0	10	2	728.48	1	0	0
2012	9	32	1	0	0	7	3	3245.37	0	1	0
2012	9	33	2	0	0	8	4	1745.63	0	0	1
2012	9	34	2	0	0	2	10	3555.82	0	0	1
2012	9	35	2	0	0	4	8	1130.36	0	0	1
2012	9	36	2	0	0	9	1	832.749	0	0	1
2012	9	37	2	0	1	10	6	2248.78	0	0	1
2012	9	38	2	0	1	9	1	1273.33	1	0	0
2012	9	39	2	0	0	3	11	2796.81	1	1	0
2012	9	40	2	0	0	8	4	2498.45	0	1	0
2012	10	1	1	0	0	4	8	1845.15	0	NaN	0
2012	10	2	1	0	0	7	3	1881.58	0	0	1
2012	10	3	2	0	0	4	8	1157.83	0	0	1
2012	10	4	2	0	0	9	1	1269.02	0	0	1
2012	10	5	1	0	0	7	3	949.62	0	0	1
2012	10	6	2	0	0	9	1	1192.27	0	0	1
2012	10	7	2	0	0	2	6	855.185	0	0	1
2012	10	8	1	0	0	8	4	1627.8	0	0	1
2012	10	9	1	0	0	3	7	931.883	0	0	1
2012	10	10	1	0	1	12	4	1125.36	0	0	1
2012	10	11	2	0	1	11	7	859.58	1	0	0
2012	10	12	1	0	0	10	6	2779.5	0	1	0
2012	10	13	1	0	0	3	7	5285.62	0	0	0
2012	10	14	2	0	0	5	9	1827.19	0	0	1
2012	10	15	2	0	0	6	10	755.053	0	0	1
2012	10	16	2	0	0	1	5	1101.03	0	0	1
2012	10	17	2	0	0	10	2	1519.32	0	0	1
2012	10	18	2	0	1	11	3	877.193	0	0	1
2012	10	19	2	0	0	6	10	814.155	0	0	1
2012	10	20	1	0	1	1	9	2233.67	0	0	1
2012	10	21	1	0	0	8	12	3449.87	0	0	1
2012	10	22	1	0	1	10	6	809.501	0	0	1
2012	10	23	2	0	0	3	7	965.507	0	0	1
2012	10	24	2	0	0	9	5	823.998	0	0	1
2012	10	25	1	0	0	10	6	1092.46	0	0	1
2012	10	26	2	0	0	1	5	1046.17	0	0	1
2012	10	27	1	0	0	7	3	1086.82	0	0	1
2012	10	28	1	0	0	10	2	731.646	0	0	1
2012	10	29	2	0	0	4	12	701.78	0	0	1
2012	10	30	1	0	0	2	10	643.037	0	0	1
2012	10	31	2	0	1	7	3	899.045	0	0	1
2012	10	32	1	0	0	8	4	1229.37	0	0	1
2012	10	33	1	0	0	3	7	1553.17	0	0	1
2012	10	34	1	0	0	8	4	919.607	0	0	1
2012	10	35	1	0	0	3	7	1977.46	0	0	1
2012	10	36	2	0	0	10	6	768.723	0	0	1
2012	10	37	2	0	1	5	1	1066.73	0	0	1
2012	10	38	1	0	0	8	12	1748.28	0	0	1
2012	10	39	2	0	1	7	11	1578.5	0	0	1
2012	10	40	1	0	0	9	5	2005.37	0	0	1
2012	11	1	1	0	0	7	3	2230.96	0	NaN	0
2012	11	2	2	0	0	6	10	790.791	0	0	1
2012	11	3	1	0	0	8	4	641.717	0	0	1
2012	11	4	2	0	0	11	7	878.928	0	0	1
2012	11	5	1	0	0	4	12	1243.71	0	0	1
2012	11	6	1	0	0	6	2	1644.33	0	0	1
2012	11	7	2	0	0	5	9	1384.57	0	0	1
2012	11	8	2	0	0	11	7	659.477	0	0	1
2012	11	9	2	0	0	6	10	815.897	0	0	1
2012	11	10	2	0	0	11	7	787.876	0	0	1
2012	11	11	1	0	0	6	10	659.295	0	0	1
2012	11	12	1	0	0	1	9	1275.95	0	0	1
2012	11	13	2	0	0	11	7	672.83	0	0	1
2012	11	14	2	0	0	4	12	2277.68	0	0	1
2012	11	15	1	0	0	10	6	762.736	0	0	1
2012	11	16	2	0	0	1	5	769.479	0	0	1
2012	11	17	1	0	0	12	8	692.019	0	0	1
2012	11	18	2	0	0	3	11	2074	0	0	1
2012	11	19	2	0	0	5	1	1242.97	0	0	1
2012	11	20	2	0	0	3	11	1123.3	0	0	1
2012	11	21	2	0	0	5	9	1033.41	0	0	1
2012	11	22	2	0	0	3	11	889.66	0	0	1
2012	11	23	1	0	0	9	5	1954.65	0	0	1
2012	11	24	1	0	0	7	11	1656.99	0	0	1
2012	11	25	1	0	0	4	8	1053.83	0	0	1
2012	11	26	1	0	0	1	9	2194.18	0	0	1
2012	11	27	2	0	0	10	2	1765.52	0	0	1
2012	11	28	2	0	0	3	11	639.769	0	0	1
2012	11	29	2	0	0	2	6	620.3	0	0	1
2012	11	30	2	0	1	3	7	3540.57	0	0	1
2012	11	31	2	0	0	4	12	658.685	0	0	1
2012	11	32	2	0	1	3	11	782.981	1	0	0
2012	11	33	1	0	1	6	10	2333.68	0	1	0
2012	11	34	2	0	0	8	12	1707.84	0	0	1
2012	11	35	2	0	0	7	3	741.284	0	0	1
2012	11	36	1	0	0	6	10	687.68	0	0	1
2012	11	37	2	0	0	11	3	864.99	0	0	1
2012	11	38	1	0	0	6	10	709.955	0	0	1
2012	11	39	1	0	0	1	5	967.444	0	0	1
2012	11	40	2	0	0	4	8	708.891	0	0	1
2012	12	1	1	0	0	5	1	1248.73	0	NaN	0
2012	12	2	1	0	0	12	8	877.157	0	0	1
2012	12	3	1	0	0	11	7	1902.33	0	0	1
2012	12	4	2	0	1	9	1	820.454	0	0	1
2012	12	5	2	0	0	10	6	672.3	0	0	1
2012	12	6	2	0	0	9	1	673.344	0	0	1
2012	12	7	2	0	1	2	10	1646.47	0	0	1
2012	12	8	1	0	0	11	7	826.752	0	0	1
2012	12	9	2	0	1	5	9	1258.98	1	0	0
2012	12	10	1	0	0	7	11	1101.96	0	1	0
2012	12	11	2	0	0	5	9	2568.4	0	0	1
2012	12	12	1	0	0	6	10	1019.32	0	0	1
2012	12	13	2	0	0	7	11	1567.21	0	0	1
2012	12	14	1	0	0	12	8	685.969	0	0	1
2012	12	15	1	0	0	9	5	707.311	0	0	1
2012	12	16	1	0	0	2	6	1556.87	0	0	1
2012	12	17	2	0	0	3	7	1091.54	0	0	1
2012	12	18	1	0	0	1	5	2109.14	0	0	1
2012	12	19	2	0	0	6	2	922.32	0	0	1
2012	12	20	2	0	1	4	8	648.722	0	0	1
2012	12	21	2	0	0	11	3	3000.08	1	0	0
2012	12	22	1	0	1	6	10	626.554	1	1	0
2012	12	23	2	0	1	1	9	953.51	1	1	0
2012	12	24	2	0	1	4	8	2162.66	0	1	0
2012	12	25	1	0	0	11	3	1093.38	0	0	1
2012	12	26	1	0	0	5	1	3090.2	0	0	1
2012	12	27	2	0	0	7	11	1828.02	0	0	1
2012	12	28	1	0	0	12	4	5311.84	0	0	0
2012	12	29	2	0	0	11	3	669.626	0	0	1
2012	12	30	1	0	0	1	9	770.595	0	0	1
2012	12	31	2	0	0	4	8	2925.6	0	0	1
2012	12	32	1	0	1	10	6	1027.7	0	0	1
2012	12	33	2	0	0	12	4	971.882	0	0	1
2012	12	34	1	0	1	5	1	1859.6	0	0	1
2012	12	35	2	0	0	4	12	720.394	0	0	1
2012	12	36	1	0	0	3	7	1782.28	0	0	1
2012	12	37	1	0	0	4	12	1360.47	1	0	0
2012	12	38	2	0	1	6	2	710.438	0	1	0
2012	12	39	2	0	1	1	5	2051.63	0	0	1
2012	12	40	2	0	0	10	2	1148.64	0	0	1
2012	13	1	1	0	0	9	5	1081.63	0	NaN	0
2012	13	2	2	0	0	8	4	1258.68	0	0	1
2012	13	3	2	0	1	10	2	702.802	0	0	1
2012	13	4	1	0	0	9	1	938.104	0	0	1
2012	13	5	1	0	1	6	10	936.385	0	0	1
2012	13	6	2	0	0	12	4	1506.36	0	0	1
2012	13	7	1	0	0	3	11	923.906	0	0	1
2012	13	8	2	0	0	9	1	1466.72	0	0	1
2012	13	9	2	0	0	2	10	659.466	0	0	1
2012	13	10	1	0	0	11	3	1996.05	0	0	1
2012	13	11	1	0	0	8	4	771.71	0	0	1
2012	13	12	2	0	0	10	6	1814.06	0	0	1
2012	13	13	2	0	0	5	1	1250.4	0	0	1
2012	13	14	2	0	1	6	10	1706.89	0	0	1
2012	13	15	2	0	0	4	8	644.672	0	0	1
2012	13	16	1	0	1	10	2	1536.54	0	0	1
2012	13	17	1	0	0	4	8	1155.47	0	0	1
2012	13	18	1	0	0	5	1	1994.36	1	0	0
2012	13	19	1	0	1	3	7	1735.37	0	1	0
2012	13	20	2	0	0	6	2	1618.43	0	0	1
2012	13	21	2	0	0	8	12	769.87	0	0	1
2012	13	22	2	0	0	11	3	1076.29	0	0	1
2012	13	23	2	0	0	5	1	913.771	0	0	1
2012	13	24	2	0	0	3	7	671.077	0	0	1
2012	13	25	2	0	1	8	4	1112.3	0	0	1
2012	13	26	2	0	0	9	1	1673.93	1	0	0
2012	13	27	2	0	0	6	2	1289.63	0	1	0
2012	13	28	2	0	0	1	5	3035.19	0	0	1
2012	13	29	2	0	0	10	2	822.729	0	0	1
2012	13	30	1	0	1	11	3	3630.68	0	0	1
2012	13	31	1	0	0	4	8	1379.51	0	0	1
2012	13	32	1	0	1	2	10	930.832	0	0	1
2012	13	33	1	0	0	12	4	1536.94	1	0	0
2012	13	34	1	0	0	11	7	2869.82	0	1	0
2012	13	35	1	0	0	8	12	1719.22	0	0	1
2012	13	36	1	0	0	11	3	1489.22	0	0	1
2012	13	37	1	0	0	2	10	2798.4	0	0	1
2012	13	38	2	0	0	5	9	1540.78	0	0	1
2012	13	39	1	0	0	6	2	1055.88	0	0	1
2012	13	40	2	0	0	7	3	700.434	0	0	1
2012	14	1	1	0	0	5	1	1938	0	NaN	0
2012	14	2	2	0	1	4	12	1892.55	0	0	1
2012	14	3	1	0	1	10	6	3002.68	0	0	1
2012	14	4	1	0	1	3	11	1541.86	0	0	1
2012	14	5	2	0	0	4	8	704.323	0	0	1
2012	14	6	2	0	0	1	5	886.28	0	0	1
2012	14	7	2	0	0	7	11	1059.46	0	0	1
2012	14	8	2	0	1	4	8	1040.25	1	0	0
2012	14	9	1	0	1	2	6	1143.61	0	1	0
2012	14	10	2	0	1	4	12	1474.11	0	0	1
2012	14	11	1	0	1	7	3	963.312	0	0	1
2012	14	12	2	0	0	4	8	1006.17	0	0	1
2012	14	13	2	0	1	3	7	669.27	0	0	1
2012	14	14	1	0	1	8	12	1490.78	0	0	1
2012	14	15	1	0	1	5	9	2047.94	0	0	1
2012	14	16	2	0	0	3	7	920.592	0	0	1
2012	14	17	2	0	1	5	1	750.541	0	0	1
2012	14	18	1	0	1	8	12	2277.19	0	0	1
2012	14	19	1	0	0	5	1	2150.05	0	0	1
2012	14	20	2	0	1	10	2	944.565	0	0	1
2012	14	21	1	0	1	1	5	2418.55	0	0	1
2012	14	22	1	0	0	12	8	1554.83	0	0	1
2012	14	23	2	0	1	7	11	673.325	0	0	1
2012	14	24	1	0	1	2	10	798.138	1	0	0
2012	14	25	1	0	0	1	9	1928.32	0	1	0
2012	14	26	2	0	0	8	12	1406.61	0	0	1
2012	14	27	2	0	0	11	3	1721.9	0	0	1
2012	14	28	2	0	1	5	9	1403.9	0	0	1
2012	14	29	2	0	1	12	8	647.398	0	0	1
2012	14	30	1	0	1	3	7	896.44	0	0	1
2012	14	31	2	0	1	1	5	1185.18	0	0	1
2012	14	32	1	0	1	8	12	2249.17	0	0	1
2012	14	33	2	0	0	9	1	777.396	0	0	1
2012	14	34	2	0	0	8	4	752.541	0	0	1
2012	14	35	1	0	0	9	1	606.825	0	0	1
2012	14	36	2	0	1	7	11	1158.66	0	0	1
2012	14	37	2	0	1	2	6	729.062	0	0	1
2012	14	38	1	0	0	11	7	947.627	0	0	1
2012	14	39	2	0	1	10	6	634.8	0	0	1
2012	14	40	1	0	0	11	3	1127.29	0	0	1
2012	15	1	2	0	0	5	9	843.192	0	NaN	0
2012	15	2	2	0	1	7	3	1047.6	1	0	0
2012	15	3	2	0	1	8	12	1202.06	0	1	0
2012	15	4	1	0	0	7	11	738.678	0	0	1
2012	15	5	2	0	1	2	10	5037.35	0	0	0
2012	15	6	2	0	1	4	12	1257.1	0	0	1
2012	15	7	1	0	1	11	7	613.703	0	0	1
2012	15	8	1	0	1	2	10	1316.65	0	0	1
2012	15	9	2	0	0	7	11	1323.08	0	0	1
2012	15	10	2	0	1	5	1	1021.04	1	0	0
2012	15	11	1	0	1	6	2	1595.8	0	1	0
2012	15	12	1	0	1	5	9	1951.43	0	0	1
2012	15	13	2	0	1	12	8	1630.84	0	0	1
2012	15	14	1	0	1	7	11	2618.66	0	0	1
2012	15	15	2	0	0	1	5	3026.14	0	0	1
2012	15	16	2	0	1	3	11	793.754	0	0	1
2012	15	17	2	0	0	10	6	948.948	0	0	1
2012	15	18	2	0	1	5	1	4066.91	0	0	0
2012	15	19	2	0	1	8	12	515.805	0	0	1
2012	15	20	1	0	1	2	10	1341.81	0	0	1
2012	15	21	1	0	1	3	7	1504.3	0	0	1
2012	15	22	1	0	1	6	10	841.995	0	0	1
2012	15	23	2	0	1	8	12	982.394	0	0	1
2012	15	24	1	0	1	6	2	849.398	1	0	0
2012	15	25	1	0	1	3	7	1624.61	0	1	0
2012	15	26	2	0	1	1	9	1944.68	0	0	1
2012	15	27	1	0	1	10	2	910.682	0	0	1
2012	15	28	2	0	0	12	8	1503.87	0	0	1
2012	15	29	2	0	0	1	9	601.425	0	0	1
2012	15	30	1	0	1	2	10	857.188	0	0	1
2012	15	31	1	0	1	12	8	1038.57	0	0	1
2012	15	32	2	0	1	3	7	2258.8	0	0	1
2012	15	33	2	0	1	6	2	643.541	0	0	1
2012	15	34	2	0	1	8	4	1255.78	0	0	1
2012	15	35	2	0	1	3	11	876.265	0	0	1
2012	15	36	1	0	1	12	8	766.262	0	0	1
2012	15	37	1	0	0	6	10	729.238	0	0	1
2012	15	38	1	0	0	5	9	767.553	0	0	1
2012	15	39	2	0	1	10	2	1554.16	0	0	1
2012	15	40	1	0	0	1	5	968.817	0	0	1
2012	16	1	2	0	0	7	3	654.958	0	NaN	0
2012	16	2	1	0	0	10	6	803.463	0	0	1
2012	16	3	1	0	0	7	11	626.597	0	0	1
2012	16	4	2	0	1	5	1	1724.22	0	0	1
2012	16	5	2	0	1	12	8	610.143	0	0	1
2012	16	6	2	0	1	7	11	2214.04	0	0	1
2012	16	7	2	0	0	5	9	829.043	0	0	1
2012	16	8	2	0	1	3	11	1432.88	0	0	1
2012	16	9	2	0	0	9	1	686.141	0	0	1
2012	16	10	1	0	1	7	3	3919.25	0	0	1
2012	16	11	1	0	1	10	6	1204.53	0	0	1
2012	16	12	1	0	1	8	12	1436.22	0	0	1
2012	16	13	1	0	0	10	2	1572.48	0	0	1
2012	16	14	2	0	1	1	5	1435.13	0	0	1
2012	16	15	1	0	1	2	10	1271.38	0	0	1
2012	16	16	1	0	1	9	1	920.415	0	0	1
2012	16	17	1	0	1	6	2	3305.98	0	0	1
2012	16	18	1	0	1	1	9	931.915	0	0	1
2012	16	19	1	0	0	11	7	1098.26	1	0	0
2012	16	20	2	0	1	9	5	1338.22	0	1	0
2012	16	21	2	0	1	7	11	852.716	0	0	1
2012	16	22	2	0	0	4	8	637.437	0	0	1
2012	16	23	2	0	0	6	2	1141.67	0	0	1
2012	16	24	1	0	1	4	12	1771.98	0	0	1
2012	16	25	2	0	0	11	3	1710.84	0	0	1
2012	16	26	1	0	1	8	12	3500.54	0	0	1
2012	16	27	1	0	1	10	2	1153.03	1	0	0
2012	16	28	1	0	1	7	11	1206.48	0	1	0
2012	16	29	2	0	1	12	8	858.775	0	0	1
2012	16	30	2	0	0	6	10	1379.53	0	0	1
2012	16	31	2	0	1	4	12	1097.9	0	0	1
2012	16	32	2	0	1	2	6	788.41	0	0	1
2012	16	33	2	0	1	11	3	563.865	1	0	0
2012	16	34	1	0	1	4	12	2606.15	0	1	0
2012	16	35	2	0	1	6	2	1173.57	0	0	1
2012	16	36	2	0	1	12	8	1844.2	0	0	1
2012	16	37	1	0	1	10	2	2188.4	1	0	0
2012	16	38	2	0	1	5	1	1758.22	0	1	0
2012	16	39	1	0	0	11	3	672.817	0	0	1
2012	16	40	1	0	1	5	1	921.818	0	0	1
2012	17	1	1	0	0	3	11	1132.05	0	NaN	0
2012	17	2	2	0	1	5	1	1658.92	0	0	1
2012	17	3	1	0	1	7	11	1592.56	0	0	1
2012	17	4	1	0	1	1	5	1492.07	0	0	1
2012	17	5	1	0	1	10	2	1141.54	0	0	1
2012	17	6	2	0	1	5	9	1100.72	0	0	1
2012	17	7	2	0	1	2	10	1477.67	0	0	1
2012	17	8	1	0	1	11	7	2830.76	0	0	1
2012	17	9	2	0	1	2	6	1047.32	0	0	1
2012	17	10	1	0	0	8	12	6495.98	1	0	0
2012	17	11	2	0	1	6	2	1722.85	0	1	0
2012	17	12	1	0	1	11	7	2845.18	1	0	0
2012	17	13	2	0	1	12	4	1123.56	0	1	0
2012	17	14	2	0	1	10	6	1058.53	0	0	1
2012	17	15	2	0	0	8	4	911.262	0	0	1
2012	17	16	1	0	0	6	2	2997.31	0	0	1
2012	17	17	1	0	1	9	5	1348.79	0	0	1
2012	17	18	1	0	1	10	2	1059.32	0	0	1
2012	17	19	2	0	1	1	5	1275.98	0	0	1
2012	17	20	2	0	0	10	6	1136.39	0	0	1
2012	17	21	2	0	1	1	9	895.131	0	0	1
2012	17	22	2	0	1	6	2	1212.42	0	0	1
2012	17	23	1	0	1	4	8	1599.85	0	0	1
2012	17	24	2	0	1	2	6	1083.36	0	0	1
2012	17	25	2	0	1	1	9	920.672	0	0	1
2012	17	26	2	0	1	2	6	1894.61	0	0	1
2012	17	27	2	0	1	9	5	984.309	0	0	1
2012	17	28	2	0	1	6	10	790.633	1	0	0
2012	17	29	2	0	0	8	4	2141.01	0	1	0
2012	17	30	2	0	1	10	6	1003.22	0	0	1
2012	17	31	2	0	1	3	7	1734.19	0	0	1
2012	17	32	2	0	1	8	4	1072.64	0	0	1
2012	17	33	2	0	1	2	10	1652.83	0	0	1
2012	17	34	1	0	1	7	11	2989.97	0	0	1
2012	17	35	1	0	1	6	10	1481.21	1	0	0
2012	17	36	2	0	1	1	5	1557.11	0	1	0
2012	17	37	2	0	0	11	3	911.573	0	0	1
2012	17	38	2	0	1	1	5	2105.66	0	0	1
2012	17	39	1	0	1	2	6	1167.48	0	0	1
2012	17	40	2	0	0	3	11	718.084	0	0	1
2012	18	1	1	0	0	9	1	1095.22	0	NaN	0
2012	18	2	2	0	1	7	11	1653.24	0	0	1
2012	18	3	1	0	1	8	4	1117.87	0	0	1
2012	18	4	1	0	1	9	1	1151.93	0	0	1
2012	18	5	2	0	1	8	12	674.311	0	0	1
2012	18	6	2	0	1	7	11	874.968	0	0	1
2012	18	7	2	0	1	5	9	848.864	1	0	0
2012	18	8	1	0	1	11	3	1624.17	0	1	0
2012	18	9	2	0	0	6	2	992.148	0	0	1
2012	18	10	1	0	1	1	9	1851.57	1	0	0
2012	18	11	1	0	1	7	11	1071.2	0	1	0
2012	18	12	2	0	0	6	10	1075.62	0	0	1
2012	18	13	1	0	1	7	11	1165.06	0	0	1
2012	18	14	2	0	1	4	8	699.837	0	0	1
2012	18	15	2	0	1	5	1	621.114	0	0	1
2012	18	16	2	0	0	10	2	1541.59	1	0	0
2012	18	17	2	0	1	1	9	1245.86	0	1	0
2012	18	18	2	0	1	11	3	1242.98	0	0	1
2012	18	19	1	0	1	6	2	859.719	0	0	1
2012	18	20	1	0	1	4	12	1435.56	0	0	1
2012	18	21	2	0	1	11	7	752.553	0	0	1
2012	18	22	2	0	1	8	4	867.037	0	0	1
2012	18	23	2	0	0	10	2	943.349	0	0	1
2012	18	24	1	0	1	5	1	1274.55	0	0	1
2012	18	25	1	0	1	2	6	1250.91	0	0	1
2012	18	26	1	0	0	12	4	3855.86	0	0	1
2012	18	27	2	0	1	11	3	888.344	0	0	1
2012	18	28	2	0	0	8	4	3070.56	0	0	1
2012	18	29	2	0	1	3	11	947.341	0	0	1
2012	18	30	1	0	1	4	8	905.523	0	0	1
2012	18	31	1	0	1	11	3	823.486	0	0	1
2012	18	32	2	0	1	6	10	567.501	0	0	1
2012	18	33	2	0	0	7	11	1602.37	0	0	1
2012	18	34	2	0	1	4	12	705.118	1	0	0
2012	18	35	1	0	1	2	6	1281.84	0	1	0
2012	18	36	1	0	1	8	12	998.728	0	0	1
2012	18	37	1	0	1	10	6	654.329	0	0	1
2012	18	38	1	0	1	5	9	1863.21	0	0	1
2012	18	39	2	0	1	4	12	2587.33	0	0	1
2012	18	40	2	0	1	7	11	767.211	1	0	0
2012	19	1	2	0	0	5	9	983.519	0	NaN	0
2012	19	2	2	0	0	2	10	1073.89	0	0	1
2012	19	3	1	0	1	5	9	1483.58	0	0	1
2012	19	4	1	0	1	6	10	1113.69	0	0	1
2012	19	5	1	0	1	8	12	3039.02	0	0	1
2012	19	6	2	0	1	5	1	963.821	0	0	1
2012	19	7	1	0	0	7	3	1322.7	0	0	1
2012	19	8	1	0	1	6	10	1124.48	0	0	1
2012	19	9	2	0	1	3	7	1290.89	0	0	1
2012	19	10	2	0	1	1	9	867.998	0	0	1
2012	19	11	1	0	0	3	11	1016.19	0	0	1
2012	19	12	1	0	1	9	5	836.789	0	0	1
2012	19	13	1	0	1	4	8	2028.86	0	0	1
2012	19	14	1	0	0	2	6	944.73	0	0	1
2012	19	15	2	0	1	8	12	875.23	0	0	1
2012	19	16	1	0	1	11	3	1539.73	0	0	1
2012	19	17	2	0	1	8	4	1054.2	0	0	1
2012	19	18	2	0	1	9	5	759.01	0	0	1
2012	19	19	1	0	1	11	7	1469.78	0	0	1
2012	19	20	2	0	1	1	5	4146.74	0	0	0
2012	19	21	2	0	1	12	8	964.789	0	0	1
2012	19	22	2	0	1	10	6	1879.67	0	0	1
2012	19	23	2	0	1	3	7	1096.84	0	0	1
2012	19	24	1	0	1	2	6	1910.13	1	0	0
2012	19	25	2	0	0	5	1	2746.34	0	1	0
2012	19	26	2	0	1	4	8	649.085	0	0	1
2012	19	27	1	0	0	5	9	1473.7	0	0	1
2012	19	28	2	0	0	11	3	1034.72	0	0	1
2012	19	29	2	0	1	12	8	1231.23	0	0	1
2012	19	30	1	0	1	10	2	1603.06	0	0	1
2012	19	31	1	0	1	11	3	1314.64	0	0	1
2012	19	32	2	0	1	6	2	760.432	0	0	1
2012	19	33	1	0	1	7	11	2214.56	0	0	1
2012	19	34	1	0	1	10	6	1334.87	0	0	1
2012	19	35	1	0	1	3	11	1172.98	0	0	1
2012	19	36	2	0	1	8	4	1919.45	0	0	1
2012	19	37	2	0	1	10	2	1461.77	0	0	1
2012	19	38	2	0	1	7	3	1426.56	0	0	1
2012	19	39	2	0	0	2	6	810.57	0	0	1
2012	19	40	1	0	0	4	12	886.033	0	0	1
2012	20	1	2	0	0	6	2	890.39	0	NaN	0
2012	20	2	2	0	1	8	12	1080.29	0	0	1
2012	20	3	1	0	1	10	6	1089.67	0	0	1
2012	20	4	1	0	1	1	5	1918.89	0	0	1
2012	20	5	1	0	0	12	4	1104.98	0	0	1
2012	20	6	2	0	1	2	6	2962.54	0	0	1
2012	20	7	2	0	1	11	7	1342.23	0	0	1
2012	20	8	1	0	1	9	5	1436.31	0	0	1
2012	20	9	2	0	1	11	3	2216.81	1	0	0
2012	20	10	1	0	1	10	6	1391.54	0	1	0
2012	20	11	2	0	1	3	11	2418.71	0	0	1
2012	20	12	1	0	1	1	9	887.934	0	0	1
2012	20	13	2	0	1	3	7	1005.25	0	0	1
2012	20	14	2	0	1	12	8	2260.98	1	0	0
2012	20	15	2	0	1	6	2	1395.43	0	1	0
2012	20	16	1	0	1	8	4	1327.42	0	0	1
2012	20	17	2	0	1	9	5	3441.5	0	0	1
2012	20	18	2	0	1	7	3	1917.48	0	0	1
2012	20	19	2	0	1	5	9	3659.26	0	0	1
2012	20	20	1	0	1	12	4	1367.83	0	0	1
2012	20	21	2	0	1	11	7	757.825	0	0	1
2012	20	22	1	0	1	1	5	941.501	0	0	1
2012	20	23	1	0	1	10	6	3315.71	0	0	1
2012	20	24	2	0	1	8	12	1632.75	0	0	1
2012	20	25	2	0	1	6	2	2505.29	0	0	1
2012	20	26	2	0	0	5	1	834.869	0	0	1
2012	20	27	2	0	1	12	8	830.742	1	0	0
2012	20	28	2	0	1	7	3	1349.66	0	1	0
2012	20	29	1	0	1	5	9	1388.05	0	0	1
2012	20	30	2	0	1	11	3	1935.31	0	0	1
2012	20	31	2	0	1	6	10	1425.17	0	0	1
2012	20	32	2	0	0	4	8	1225.19	0	0	1
2012	20	33	1	0	1	11	3	889.383	0	0	1
2012	20	34	1	0	1	2	10	1239.79	0	0	1
2012	20	35	2	0	0	4	8	2271.63	0	0	1
2012	20	36	2	0	1	2	10	1857.78	0	0	1
2012	20	37	1	0	1	4	12	2197.82	0	0	1
2012	20	38	2	0	1	7	11	2713.83	0	0	1
2012	20	39	2	0	1	9	5	2063.41	0	0	1
2012	20	40	2	0	1	4	8	3607.89	0	0	1
2012	21	1	1	0	0	5	1	1250.69	0	NaN	0
2012	21	2	1	0	1	10	6	819.402	0	0	1
2012	21	3	1	0	0	7	11	952.138	0	0	1
2012	21	4	2	0	1	8	12	1770.76	0	0	1
2012	21	5	2	0	1	5	1	1669.85	0	0	1
2012	21	6	2	0	1	3	11	1014.26	0	0	1
2012	21	7	1	0	1	10	2	1361.96	0	0	1
2012	21	8	2	0	1	8	12	1229.61	0	0	1
2012	21	9	1	0	1	3	7	1045.86	0	0	1
2012	21	10	2	0	1	1	5	1258.18	0	0	1
2012	21	11	1	0	1	7	11	1142.49	0	0	1
2012	21	12	1	0	1	8	12	1312.45	0	0	1
2012	21	13	2	0	1	6	10	782.743	0	0	1
2012	21	14	1	0	1	8	12	989.892	0	0	1
2012	21	15	2	0	1	7	11	1546.53	0	0	1
2012	21	16	1	0	1	4	12	2841.15	0	0	1
2012	21	17	2	0	1	10	6	1325.38	1	0	0
2012	21	18	2	0	1	11	7	1386.17	0	1	0
2012	21	19	1	0	1	5	9	3057.38	0	0	1
2012	21	20	1	0	1	12	8	2409.66	0	0	1
2012	21	21	2	0	1	7	3	3605.55	0	0	1
2012	21	22	2	0	1	10	2	3301.07	0	0	1
2012	21	23	1	0	1	3	7	1282.33	0	0	1
2012	21	24	2	0	1	6	2	3971.6	0	0	1
2012	21	25	2	0	1	4	8	753.939	0	0	1
2012	21	26	1	0	1	10	6	1236.56	0	0	1
2012	21	27	1	0	1	5	9	2220.83	0	0	1
2012	21	28	1	0	1	2	6	2576.51	1	0	0
2012	21	29	1	0	1	11	3	1250.05	0	1	0
2012	21	30	1	0	1	8	12	946.569	0	0	1
2012	21	31	1	0	1	6	2	1457.26	0	0	1
2012	21	32	1	0	1	1	5	1446.04	0	0	1
2012	21	33	1	0	1	6	10	1537.78	0	0	1
2012	21	34	2	0	1	3	7	2040.61	0	0	1
2012	21	35	2	0	0	8	12	1720.63	0	0	1
2012	21	36	1	0	1	6	2	2042.79	0	0	1
2012	21	37	1	0	1	5	9	3762.75	0	0	1
2012	21	38	2	0	0	3	11	2448.65	0	0	1
2012	21	39	2	0	1	1	9	941.988	0	0	1
2012	21	40	1	0	1	12	8	939.578	0	0	1
2012	22	1	1	0	0	6	10	2560.74	0	NaN	0
2012	22	2	2	0	1	1	9	2327.36	0	0	1
2012	22	3	1	0	1	12	4	1789.42	0	0	1
2012	22	4	1	0	1	7	3	2376.75	0	0	1
2012	22	5	1	0	1	6	2	1280.86	0	0	1
2012	22	6	2	0	1	11	7	826.201	0	0	1
2012	22	7	1	0	1	4	8	2438.38	0	0	1
2012	22	8	1	0	1	3	7	1042.55	0	0	1
2012	22	9	2	0	0	6	2	1082.49	0	0	1
2012	22	10	1	0	1	5	1	2028.19	0	0	1
2012	22	11	2	0	0	7	3	2092.5	0	0	1
2012	22	12	1	0	1	10	2	1249.37	0	0	1
2012	22	13	1	0	0	5	9	1026.72	0	0	1
2012	22	14	1	0	1	12	8	1482.8	0	0	1
2012	22	15	2	0	0	11	7	931.94	0	0	1
2012	22	16	1	0	0	5	9	714.231	0	0	1
2012	22	17	1	0	0	3	11	871.884	1	0	0
2012	22	18	1	0	1	1	5	5171.52	0	1	0
2012	22	19	2	0	0	7	3	1465.68	0	0	1
2012	22	20	1	0	0	6	2	662.724	0	0	1
2012	22	21	1	0	1	9	5	855.372	1	0	0
2012	22	22	2	0	1	6	2	1854.48	0	1	0
2012	22	23	2	0	1	7	11	1706.66	0	0	1
2012	22	24	2	0	0	4	12	1420.33	0	0	1
2012	22	25	1	0	0	7	11	1956.53	0	0	1
2012	22	26	2	0	1	5	9	1251.3	0	0	1
2012	22	27	1	0	0	2	6	1179.68	0	0	1
2012	22	28	2	0	0	8	4	2322.91	0	0	1
2012	22	29	2	0	0	3	7	2004.85	0	0	1
2012	22	30	1	0	1	2	6	1768.57	0	0	1
2012	22	31	1	0	1	8	4	1431.42	0	0	1
2012	22	32	1	0	1	9	5	3247.36	0	0	1
2012	22	33	2	0	0	12	4	1312.71	0	0	1
2012	22	34	1	0	1	10	6	1297.72	0	0	1
2012	22	35	1	0	1	12	8	2335.92	1	0	0
2012	22	36	1	0	1	1	9	1708.75	0	1	0
2012	22	37	2	0	1	10	6	838.396	0	0	1
2012	22	38	1	0	0	11	7	686.517	0	0	1
2012	22	39	2	0	1	5	1	1679.62	0	0	1
2012	22	40	2	0	1	11	3	840.691	1	0	0
2012	23	1	1	0	0	1	9	1948.58	0	NaN	0
2012	23	2	2	0	0	11	3	830.932	0	0	1
2012	23	3	2	0	1	2	6	1995.41	0	0	1
2012	23	4	1	0	1	3	11	1262.56	0	0	1
2012	23	5	2	0	1	2	10	2323.02	0	0	1
2012	23	6	1	0	0	11	7	1045.29	0	0	1
2012	23	7	1	0	0	12	8	2121.81	0	0	1
2012	23	8	1	0	1	2	10	1483.76	0	0	1
2012	23	9	2	0	1	9	1	1020.33	0	0	1
2012	23	10	1	0	1	11	3	1696.11	0	0	1
2012	23	11	1	0	1	12	4	1970.15	0	0	1
2012	23	12	1	0	1	11	7	1097.31	0	0	1
2012	23	13	2	0	1	1	5	898.95	0	0	1
2012	23	14	1	0	1	11	7	3640.82	0	0	1
2012	23	15	1	0	1	6	2	1860.9	0	0	1
2012	23	16	2	0	0	9	5	721.635	0	0	1
2012	23	17	2	0	1	6	2	875.704	0	0	1
2012	23	18	2	0	1	1	5	1556.86	0	0	1
2012	23	19	1	0	1	8	12	1451.51	0	0	1
2012	23	20	2	0	0	1	5	1400.4	0	0	1
2012	23	21	2	0	0	12	4	1111.94	0	0	1
2012	23	22	1	0	1	5	9	1281.62	0	0	1
2012	23	23	1	0	1	6	2	1546.84	0	0	1
2012	23	24	2	0	1	4	12	1688.88	0	0	1
2012	23	25	2	0	1	10	2	1102.38	0	0	1
2012	23	26	1	0	1	7	11	1159.65	0	0	1
2012	23	27	1	0	1	10	2	822.568	0	0	1
2012	23	28	2	0	0	5	1	710.677	0	0	1
2012	23	29	2	0	1	12	8	1420.46	0	0	1
2012	23	30	2	0	0	5	1	780.706	0	0	1
2012	23	31	2	0	1	8	4	715.956	0	0	1
2012	23	32	2	0	1	3	11	1145.67	1	0	0
2012	23	33	1	0	1	10	2	1878.55	1	1	0
2012	23	34	2	0	1	4	8	590.144	0	1	0
2012	23	35	1	0	0	10	2	2133.34	0	0	1
2012	23	36	2	0	0	1	9	1143.83	0	0	1
2012	23	37	2	0	1	3	7	1950.58	0	0	1
2012	23	38	2	0	1	10	6	1056.9	1	0	0
2012	23	39	2	0	1	9	1	576.091	0	1	0
2012	23	40	1	0	1	12	4	1079.43	0	0	1
